11059130,1629,62318
16006071,1629,65270
12754933,1629,77674
13423412,1629,71865
12478640,1629,68116
4717283,1629,44164
4717283,1629,40713
11577612,1629,66523
16303944,1629,43841
16649269,1629,76831
16649269,1629,77189
18508499,1629,53541
17190342,1629,55559
17950873,1629,37530
8677474,1629,58632
7023507,1629,73210
9143529,1629,75243
14607553,1629,40384
11571260,1629,67942
1132351,1629,70671
9785313,1629,49282
8323623,1629,61519
15964446,1629,73632
13825493,1629,53327
20725611,1629,66671
20725611,1629,67252
22556024,1629,61823
8498501,1629,72784
13969600,1629,75447
7182222,1629,75324
20430513,1629,40018
7294880,1629,52391
2270635,1629,48514
14825331,1629,78979
3302792,1629,74552
15288403,1629,76495
12074324,1629,77843
14017757,1629,68439
19747106,1629,62655
12156558,1629,69885
11792891,1629,74148
4961778,1629,60562
2903777,1629,64024
5113708,1629,50711
2655899,1629,58403
7335720,1629,44846
7335720,1629,45508
6596396,1629,55371
21617458,1629,59991
19688774,1629,50237
6119044,1629,36332
14118729,1629,73010
2780828,1629,62414
16618231,1629,45113
21393325,1629,71722
18582706,1629,79492
9695788,1629,52131
15532747,1629,37080
3813996,1629,67471
328553,1629,58293
7883515,1629,54940
11015204,1629,29526
8656,1629,65361
8656,1629,54531
9596722,1629,72579
13928849,1629,66842
14142519,1629,60047
7517916,1629,77639
9304886,1629,60479
16275379,1629,58286
9003557,1629,68878
9003557,1629,66066
5309382,1629,55717
8216563,1629,76880
18057242,1629,40132
8239362,1629,34810
15145439,1629,58380
9100844,1629,70988
7358298,1629,66805
3090946,1629,33564
14981503,1629,77849
5422727,1629,75477
1989060,1629,56785
19790269,1629,78270
10617256,1629,40496
17997753,1629,68385
17997753,1629,49000
9794446,1629,66472
16394469,1629,67723
5577494,1629,58788
9433475,1629,78356
16106240,1629,68895
6717262,1629,75595
3394909,1629,48841
14922340,1629,55088
16933251,1629,69632
7759202,1629,75052
9196626,1629,74606
7649887,1629,62917
21647407,1629,67335
6561192,1629,67706
313875,1629,75465
16157750,1629,70157
22458596,1629,72978
9754098,1629,62961
15891242,1629,46874
7364149,1629,55489
7364149,1629,74342
19003852,1629,54133
11108468,1629,72327
11729036,1629,62794
9327398,1629,43351
12210190,1629,73711
21498940,1629,57064
4307107,1629,74530
11932600,1629,65384
10975324,1629,78274
15203119,1629,64298
17507244,1629,77755
14680438,1629,42699
14680438,1629,69646
11321086,1629,71853
3871701,1629,80705
11516830,1629,35225
14452026,1629,64081
14452026,1629,64232
8104474,1629,49142
18141576,1629,72376
7069078,1629,54667
9628528,1629,63118
9628528,1629,62800
20781882,1629,44974
14330919,1629,69473
12779079,1629,42551
3499617,1629,74819
6313293,1629,58561
4371956,1629,69413
2822516,1629,68404
21180311,1629,80036
3934101,1629,68518
9583625,1629,74918
8335888,1629,69850
8335888,1629,69914
12639162,1629,73459
12639162,1629,82739
17679420,1629,46956
6918195,1629,66009
1093026,1629,74268
7416417,1629,64302
1520778,1629,76990
1520778,1629,75720
2632989,1629,35438
20755422,1629,35449
15043549,1629,63834
11243105,1629,73900
383708,1629,73694
16950318,1629,68725
4915201,1629,72305
17179275,1629,73325
4029983,1629,58138
10212825,1629,70687
13324432,1629,72464
6771891,1629,71613
9228828,1629,37563
8576133,1629,77547
1858723,1629,60996
11160548,1629,38859
11160548,1629,36579
22226851,1629,47956
1923217,1629,72743
17490204,1629,69990
15950200,1629,61343
22268665,1629,80678
22298118,1629,48404
8114025,1629,76110
2916875,1629,60670
2131388,1629,39492
13270205,1629,66569
20587303,1629,78699
20587303,1629,74426
8644993,1629,70676
11645152,1629,39689
11645152,1629,43145
5646043,1629,78634
11084563,1629,64073
11084563,1629,62713
19714520,1629,64644
202023,1629,70905
2174719,1629,65336
1477594,1629,59386
21695848,1629,37528
14576901,1629,60734
2726327,1629,40974
12114295,1629,66116
17622177,1629,42095
17300404,1629,56659
12536896,1629,74386
13343868,1629,79042
20360400,1629,70199
16491041,1629,82382
4881655,1629,46060
18183152,1629,73325
7211513,1629,63651
17435803,1629,45857
1208980,1629,55520
21749265,1629,38532
603976,1629,73717
603976,1629,61549
603976,1629,45205
16814491,1629,53169
20477488,1629,39401
20477488,1629,43065
18363680,1629,71531
1590563,1629,60108
8930259,1629,54878
14564109,1629,77116
2140760,1629,74973
13767586,1629,69036
6852670,1629,57347
19004565,1629,78714
15511066,1629,61074
22489092,1629,43960
4116323,1629,67620
12339552,1629,67002
1429229,1629,55552
11358248,1629,33868
1532962,1629,52334
9645435,1629,73670
11110203,1629,73584
41574,1629,70220
14884256,1629,41713
9442389,1629,51967
16331918,1629,56862
698393,1629,68550
6421791,1629,69045
19420454,1629,61254
934883,1629,72280
18236863,1629,78892
8110523,1629,71735
14935930,1629,44673
15552518,1629,45947
11655184,1629,51464
11215403,1629,48081
15794393,1629,45362
12703276,1629,53460
12703276,1629,53742
21978184,1629,58841
9773698,1629,65033
19849793,1629,55286
6377331,1629,76220
15332237,1629,65744
3610785,1629,39327
12730037,1629,50492
21584904,1629,47798
22505287,1629,48404
5195979,1629,77914
19497037,1629,58364
13662992,1629,48340
4953361,1629,67332
4043528,1629,53445
11794296,1629,67047
21369854,1629,62619
18508151,1629,75500
16258423,1629,75852
20792268,1629,57145
16073844,1629,41145
16985715,1629,67424
14918385,1629,67845
3984740,1629,72904
8667567,1629,62714
5362203,1629,76278
5623364,1629,57397
2209589,1629,52343
14580375,1629,72493
8098729,1629,68694
4407205,1629,67313
10938466,1629,68153
10938466,1629,71802
10938466,1629,69346
11545461,1629,52313
16074927,1629,73684
7381995,1629,68496
4400758,1629,62264
14725630,1629,52219
14725630,1629,53550
15371397,1629,68349
6052443,1629,65140
6052443,1629,67135
14692794,1629,37038
17390644,1629,73910
17390644,1629,75456
16461568,1629,67081
10003827,1629,77471
11475947,1629,36683
4005667,1629,58498
4190701,1629,42955
14257371,1629,72589
5986641,1629,35096
5051017,1629,34489
6264146,1629,57181
11591610,1629,53483
13242595,1629,71248
7776289,1629,70658
7891255,1629,63958
7891255,1629,66318
10637829,1629,71896
20962731,1629,44301
622816,1629,60193
3291963,1629,65783
16221574,1629,67574
15084293,1629,63970
9535400,1629,75349
9535400,1629,64429
5494706,1629,56384
2469048,1629,76339
15988509,1629,79794
5572770,1629,51929
10954941,1629,64234
10954941,1629,63412
2576603,1629,65360
13990461,1629,75511
13990461,1629,72054
4829980,1629,61019
14044513,1629,69674
14044513,1629,68483
19060157,1629,59013
2079666,1629,60279
16284808,1629,73835
17022582,1629,78539
7821066,1629,77331
5927987,1629,61556
17475309,1629,77607
16246269,1629,62515
11802457,1629,61151
12164766,1629,71134
22136717,1629,75122
11523059,1629,58647
11523059,1629,55528
8821238,1629,62315
12876064,1629,75786
16688718,1629,67500
2948132,1629,37943
17479615,1629,58254
17007943,1629,74389
19832443,1629,66403
19832443,1629,65267
562910,1629,76292
9114093,1629,33918
9185470,1629,78114
22178894,1629,81740
17397171,1629,69698
7168135,1629,51031
19532157,1629,64836
20584201,1629,48700
20584201,1629,50026
212477,1629,72415
13074491,1629,64613
4112490,1629,52036
21907997,1629,72541
12366479,1629,57155
2820050,1629,66393
13638840,1629,47719
10700824,1629,57021
6542293,1629,47193
20891029,1629,48425
16456152,1629,61883
12219827,1629,67162
17193230,1629,44508
12281485,1629,61818
6894412,1629,73651
14874221,1629,51694
13775572,1629,50900
14874057,1629,67669
22043629,1629,68766
12766517,1629,46572
20313105,1629,78084
20313105,1629,69478
4096109,1629,69462
14759162,1629,74129
7410817,1629,75085
15351885,1629,78724
9456233,1629,73916
21343611,1629,63088
3921540,1629,75283
18139887,1629,67398
16337270,1629,76188
7241921,1629,50647
17930815,1629,58712
13650383,1629,70206
13650383,1629,65572
5350053,1629,43918
3679169,1629,69901
21172892,1629,72810
8582280,1629,64698
7901216,1629,52797
14690296,1629,34915
19094835,1629,68043
1616146,1629,72779
1616146,1629,72125
13111489,1629,55568
3648462,1629,71877
18686175,1629,70254
17197104,1629,75002
2370736,1629,48082
4382069,1629,45985
8231963,1629,73063
20682733,1629,56477
15332964,1629,62593
5834054,1629,47552
18943386,1629,49980
3585983,1629,69718
1050145,1629,52873
20385190,1629,58125
3262600,1629,43320
7203120,1629,75484
7539860,1629,52812
14310210,1629,34219
13262151,1629,70718
3724438,1629,71018
9814158,1629,54188
11709668,1629,58302
425294,1629,66720
1845332,1629,71688
5832359,1629,49741
18641280,1629,71284
17881041,1629,57566
22021242,1629,53033
1903678,1629,74251
3467280,1629,31811
18298617,1629,69276
2039778,1629,58935
11856714,1629,81038
670307,1629,42506
17758326,1629,39088
4165345,1629,65095
19098857,1629,70407
12261160,1629,67949
5876536,1629,49385
4443203,1629,74585
14780030,1629,70413
1591087,1629,66547
9366649,1629,67431
2641172,1629,69234
3739015,1629,45288
3739015,1629,39706
8378739,1629,57933
20827922,1629,74862
8957571,1629,69370
703810,1629,78941
9417391,1629,60773
13845076,1629,66408
1811853,1629,68573
7380825,1629,69876
3104495,1629,73557
1303374,1629,61594
11678677,1629,45895
9999501,1629,55396
8234030,1629,26722
18565109,1629,56674
18565109,1629,48068
4474936,1629,57226
22405271,1629,40618
11260212,1629,56665
6058164,1629,58074
4395142,1629,36085
7138937,1629,71786
7138937,1629,70289
5225584,1629,73820
20186729,1629,66484
11932166,1629,75269
18227598,1629,75292
12695036,1629,57042
13679609,1629,48991
760482,1629,54719
15955465,1629,47028
15955465,1629,47533
13264741,1629,81314
21124066,1629,59183
2332143,1629,39113
6491855,1629,53103
7754508,1629,76377
1640785,1629,56079
4118757,1629,56774
4118757,1629,57246
496055,1629,65556
4922008,1629,63889
10902495,1629,34792
20129058,1629,47426
6515369,1629,54196
10718063,1629,52709
611864,1629,59702
15968447,1629,74306
3166417,1629,73202
17761745,1629,30434
5370985,1629,48001
6892363,1629,63466
6892363,1629,55924
6892363,1629,54783
16891978,1629,73713
15111124,1629,67800
21664526,1629,61029
21664526,1629,59059
3247651,1629,72596
4162699,1629,68227
10457841,1629,80533
6971084,1629,73253
18685141,1629,74774
4179134,1629,76704
6752342,1629,65335
17290447,1629,45973
17290447,1629,41740
7078063,1629,48506
1772403,1629,43743
1358782,1629,54701
16662984,1629,65593
12081001,1629,59401
5495647,1629,59170
1293733,1629,56911
21197477,1629,70004
20484097,1629,63120
5252407,1629,75408
13021643,1629,62488
17400034,1629,40125
13277410,1629,57712
8557269,1629,55243
9870758,1629,55038
8714681,1629,62273
9645370,1629,45775
14019044,1629,55075
9241438,1629,46170
15445032,1629,66778
18277859,1629,71466
4541786,1629,63004
18752637,1629,65437
7165105,1629,53417
8856146,1629,62296
10751011,1629,61647
10932657,1629,80578
15657311,1629,32864
9121233,1629,58126
16636635,1629,62464
6423800,1629,55550
22332600,1629,53681
15770019,1629,55831
15437270,1629,34694
1075188,1629,68923
852836,1629,62993
16506166,1629,76109
4774488,1629,74595
13436321,1629,57307
14722553,1629,72218
1881171,1629,68671
13889455,1629,40595
11958232,1629,47082
264511,1629,71323
8548525,1629,52063
1009285,1629,68780
20838311,1629,49708
17449018,1629,40857
8623433,1629,50696
8144467,1629,56793
10721843,1629,72801
12677853,1629,47302
22365221,1629,77814
20263829,1629,75288
14171600,1629,58109
17841849,1629,65523
1260399,1629,64446
3332375,1629,40791
3419990,1629,49848
14369920,1629,71198
13202753,1629,62848
21844308,1629,39602
16780712,1629,67586
6808161,1629,72907
313483,1629,51946
313483,1629,52331
18521456,1629,59202
380717,1629,45452
3468891,1629,38003
1756329,1629,73319
13271411,1629,59579
21200978,1629,63163
4188576,1629,73362
21767616,1629,62178
711621,1629,35208
10753524,1629,79759
19705451,1629,54072
13217938,1629,73076
12738027,1629,74269
4338948,1629,43047
1351174,1629,65178
4958958,1629,75502
15442114,1629,65656
14098879,1629,45277
7166765,1629,36288
924656,1629,40594
20280574,1629,68521
17807409,1629,73509
15159640,1629,43484
15159640,1629,46563
1369814,1629,42350
3460257,1629,40742
1756310,1629,74795
8378419,1629,70454
15704697,1629,35656
11732455,1629,81592
7570356,1629,57984
17188802,1629,78582
3276640,1629,64111
3276640,1629,72499
6177126,1629,72538
21330035,1629,65841
15135464,1629,61443
12963184,1629,58702
9091059,1629,71754
16654734,1629,77362
8051401,1629,79124
11792915,1629,67189
8467805,1629,72303
19863665,1629,30817
668228,1629,76973
13239253,1629,69522
4255541,1629,51503
14305912,1629,45683
18774725,1629,70279
17733698,1629,54061
5806058,1629,67348
10287050,1629,70479
5672091,1629,56718
2921510,1629,65512
4603571,1629,61530
4917953,1629,70076
19039232,1629,72233
21204030,1629,57276
8464973,1629,60600
2363721,1629,61624
2363721,1629,62165
21732585,1629,42732
9658083,1629,68058
2493104,1629,58398
3956980,1629,49305
3622967,1629,77819
10598969,1629,74003
7513032,1629,51375
7513032,1629,52440
15578331,1629,73364
21643621,1629,52802
8556667,1629,52262
11161444,1629,70093
525476,1629,47957
2143647,1629,54366
9489589,1629,52336
13950470,1629,51478
14936365,1629,64835
538425,1629,61429
5360722,1629,74515
7093529,1629,74046
10913533,1629,65204
14053555,1629,68509
4144448,1629,66276
21123822,1629,53911
9537936,1629,53153
7417891,1629,78436
3699002,1629,66386
1660218,1629,63807
14527048,1629,73418
7403484,1629,75045
417633,1629,65819
21140254,1629,42635
12542609,1629,44123
14106596,1629,75239
8079006,1629,79019
22042941,1629,72815
16228673,1629,73233
2334530,1629,40657
17468005,1629,44739
8277266,1629,67929
4212604,1629,65252
22000057,1629,45310
19591273,1629,59779
2110479,1629,63267
17872390,1629,72777
19004088,1629,35158
10869490,1629,77675
800484,1629,77992
13563427,1629,39106
12968936,1629,64106
820549,1629,52377
4054045,1629,62052
4979259,1629,76059
912281,1629,71192
912281,1629,71925
7446462,1629,73999
11158477,1629,75336
4253108,1629,46360
12634454,1629,71483
2136730,1629,55705
22148691,1629,75348
6434962,1629,49619
1274055,1629,58615
1274055,1629,58532
10604866,1629,60943
10604866,1629,58982
21464991,1629,34658
13570795,1629,55049
11393179,1629,53080
10457127,1629,69824
8042550,1629,57819
17315219,1629,57306
4310011,1629,76024
12712020,1629,77450
12712020,1629,54656
1955590,1629,67257
18957438,1629,58440
17081130,1629,75446
17081130,1629,72632
17081130,1629,74041
4169064,1629,58358
15943585,1629,50340
14115512,1629,40266
14115512,1629,41265
19237004,1629,73267
11088153,1629,46798
2026997,1629,54587
2026997,1629,37828
17981917,1629,71011
17981917,1629,71705
3903836,1629,78012
17583838,1629,36346
17144896,1629,70916
16723359,1629,73018
3353271,1629,32579
13936765,1629,41562
2580978,1629,74466
7732326,1629,70440
3945350,1629,75371
13823495,1629,65405
18598161,1629,74057
5877527,1629,45197
21843716,1629,57657
5094433,1629,38248
19727674,1629,63495
13352431,1629,64911
8874008,1629,67434
17310124,1629,76170
8592368,1629,72181
14338164,1629,53534
3089199,1629,65798
15623771,1629,77036
14176866,1629,61290
16260350,1629,76759
10603529,1629,70004
21387082,1629,75452
20782163,1629,49773
11851138,1629,47800
6727487,1629,67999
6727487,1629,69642
6727487,1629,66999
6727487,1629,68231
14392587,1629,78860
480111,1629,73096
13325789,1629,31470
6467545,1629,74402
14236957,1629,69504
14109339,1629,72802
19755204,1629,69853
14021912,1629,71712
11175300,1629,73467
20092502,1629,68909
14285666,1629,39650
4374404,1629,73467
5023657,1629,71385
9755224,1629,77640
9275176,1629,52280
374217,1629,60905
15625714,1629,72896
13478117,1629,49246
16946361,1629,66901
4888644,1629,60306
9371440,1629,45930
18518391,1629,77199
9984029,1629,68376
9984029,1629,29768
8714047,1629,58897
16124998,1629,63176
13195741,1629,59543
11542969,1629,61993
3318618,1629,33902
4498102,1629,64733
13246880,1629,76676
16339822,1629,73268
4435090,1629,70534
4517338,1629,61854
4517338,1629,67091
5381317,1629,67547
13819517,1629,68088
10890115,1629,66635
8675286,1629,47923
11286660,1629,48806
12815981,1629,67227
21630183,1629,47170
21997830,1629,72682
384688,1629,64340
11876238,1629,60676
10426272,1629,78391
5648950,1629,64835
17248544,1629,68457
17649528,1629,71977
4888516,1629,69722
11774910,1629,64204
11148568,1629,50844
12448043,1629,62629
2908715,1629,72832
16494099,1629,72795
16494099,1629,77717
21759437,1629,60168
19612794,1629,69506
22422630,1629,50489
19564964,1629,77914
17008642,1629,71387
3903613,1629,71664
5496778,1629,72166
5496778,1629,78818
10718926,1629,64966
11854950,1629,49034
8331596,1629,82564
2214835,1629,75446
2197386,1629,61628
2197386,1629,61644
2197386,1629,62629
16375235,1629,61273
20715552,1629,49490
13976029,1629,71259
13169590,1629,69504
6189407,1629,65200
15548470,1629,44455
15548470,1629,50223
2788496,1629,75610
12936634,1629,68829
9732579,1629,73486
9732579,1629,74366
13389652,1629,76376
8370081,1629,48606
8370081,1629,53624
4333343,1629,67639
4333343,1629,66569
9280235,1629,49337
1879949,1629,60944
19612794,1629,71720
18679803,1629,47050
1728271,1629,67493
11129165,1629,63245
10707149,1629,63454
21252884,1629,56286
15826050,1629,67185
7819938,1629,37702
9395807,1629,65343
7731357,1629,75608
16375886,1629,73072
12329907,1629,62875
3909080,1629,75605
14320681,1629,47137
16852838,1629,59025
6556381,1629,72147
9182209,1629,76262
4846548,1629,78658
15023378,1629,66164
13908916,1629,69489
13908916,1629,75955
19558702,1629,79010
14610438,1629,63422
21514567,1629,73067
17825810,1629,78338
17825810,1629,76959
1252672,1629,69366
10149985,1629,72120
776838,1629,72240
21210822,1629,55000
16185850,1629,34885
8512403,1629,39085
17360813,1629,54147
10892478,1629,73938
643458,1629,42528
15096669,1629,69521
7261005,1629,42609
7261005,1629,40488
17848954,1629,45902
12500739,1629,51193
3880231,1629,46195
2806967,1629,54008
20190578,1629,43049
4362709,1629,58326
2527105,1629,66784
6049171,1629,71635
14809435,1629,66768
10590905,1629,54216
5436531,1629,74205
15635168,1629,60457
6785990,1629,61782
19303054,1629,67326
9842719,1629,72686
22216578,1629,54842
17907932,1629,43783
374167,1629,59879
14623490,1629,72912
10612973,1629,73014
667601,1629,53941
13823572,1629,66661
13823572,1629,65810
17554876,1629,40714
18011130,1629,65174
3884635,1629,70600
3637937,1629,75636
18267676,1629,65549
17710965,1629,46522
19427442,1629,70871
5098350,1629,72120
4086627,1629,62201
704233,1629,76379
7662703,1629,63093
13881399,1629,73711
2527105,1629,68382
6248482,1629,47020
21861114,1629,46784
5195481,1629,34295
16053665,1629,44799
16421562,1629,51255
19804845,1629,67778
19804845,1629,67937
438268,1629,55887
1350573,1629,71448
20147415,1629,74852
5124546,1629,43665
21753319,1629,56449
7023238,1629,75670
12398100,1629,77550
13506008,1629,40951
18513369,1629,72248
6408712,1629,67785
18232817,1629,56940
5268303,1629,67782
17864172,1629,40064
13815242,1629,65420
13815242,1629,64858
13966261,1629,61067
4941801,1629,40374
19362180,1629,64149
14826850,1629,61324
14706878,1629,48701
18516919,1629,66267
15800934,1629,72870
11262780,1629,51567
22581815,1629,65407
20720666,1629,72660
7061868,1629,61937
9597576,1629,58293
14231640,1629,42905
15565037,1629,66465
16760298,1629,66860
8017862,1629,40214
8017862,1629,37762
5772098,1629,57280
9029107,1629,77502
21693636,1629,39387
10892953,1629,73847
21388549,1629,71180
15731491,1629,63003
14975325,1629,54010
446211,1629,38695
637938,1629,40971
13948632,1629,64169
7312201,1629,47370
16642090,1629,69999
11045707,1629,33773
5013045,1629,74048
15892487,1629,76537
6810825,1629,68837
22246720,1629,48235
12953807,1629,76156
18531791,1629,76576
6764685,1629,65570
15106949,1629,73837
15106949,1629,74921
1093100,1629,50782
18434979,1629,55787
21523181,1629,73809
7418268,1629,71831
8251965,1629,69026
1999697,1629,70732
1999697,1629,67922
5598402,1629,75057
478875,1629,76709
21735338,1629,74364
21979740,1629,68626
18996180,1629,48757
9440560,1629,66870
11094306,1629,52492
18114516,1629,74640
19517725,1629,78252
4848427,1629,72806
2759322,1629,46206
7178198,1629,39644
3836659,1629,73353
11796293,1629,63258
20099434,1629,48711
1727397,1629,54974
19599199,1629,50015
2648581,1629,41100
7015130,1629,72502
18585045,1629,54922
14302848,1629,55666
14781033,1629,67335
19573961,1629,63676
19013466,1629,50166
7006021,1629,71344
12242587,1629,46900
11904228,1629,68559
11904228,1629,74322
11904228,1629,69128
14688197,1629,69745
490382,1629,78919
490382,1629,73564
12913689,1629,45978
11428433,1629,74325
5905095,1629,71969
18482910,1629,71756
20663861,1629,80085
11936556,1629,73743
756401,1629,79566
330311,1629,46653
8502576,1629,77080
4515882,1629,74932
5450649,1629,55641
589538,1629,74122
17566008,1629,62070
21134796,1629,55084
17273645,1629,76180
186544,1629,41648
7684326,1629,72842
9139287,1629,68765
7530353,1629,66343
7530353,1629,64394
1236099,1629,56663
1236099,1629,52091
249554,1629,64414
18114396,1629,50981
32557,1629,60936
3779833,1629,65174
2365803,1629,61240
2365803,1629,55319
21764200,1629,45211
3385671,1629,73400
6518694,1629,63546
6240960,1629,61550
11444903,1629,70347
5280771,1629,45183
2478210,1629,76859
19728434,1629,57499
275234,1629,70814
275234,1629,71571
19711921,1629,66780
19711921,1629,66996
4582474,1629,74084
132713,1629,74871
11274247,1629,73953
458099,1629,53701
458099,1629,52180
458099,1629,52241
10653122,1629,78485
9758881,1629,55697
16639511,1629,48245
16639511,1629,55814
17774502,1629,71494
22452093,1629,31917
20342667,1629,69872
18686108,1629,56642
1691197,1629,52805
8904457,1629,73375
2755533,1629,62613
6178252,1629,77742
3649817,1629,63860
4483580,1629,51136
1633245,1629,38474
8146114,1629,51813
21783498,1629,73739
6312172,1629,76467
16184723,1629,76770
5983560,1629,75301
6881549,1629,61923
895495,1629,68985
1287366,1629,76533
16610708,1629,61719
18356839,1629,76583
17311364,1629,59330
17311364,1629,61150
16291451,1629,64670
2630639,1629,74961
2677185,1629,76360
3541206,1629,69739
6510560,1629,71983
13443757,1629,71396
8667941,1629,52114
13774681,1629,69745
2768041,1629,64231
6630045,1629,73057
15505867,1629,47736
15051056,1629,71829
20652608,1629,62114
1245352,1629,76344
11891961,1629,73683
12845552,1629,73868
8527546,1629,59437
16381050,1629,72150
3816189,1629,68091
9171356,1629,29508
2643136,1629,68423
21791412,1629,58564
21791412,1629,63425
21527113,1629,65434
9579734,1629,74544
4195264,1629,73532
13886912,1629,76919
18834328,1629,36039
1957318,1629,48245
19130292,1629,78929
14918069,1629,68421
10756085,1629,60168
10756085,1629,61178
4252491,1629,58258
8119900,1629,67736
21471186,1629,48056
21471186,1629,43491
20393311,1629,77908
9478290,1629,72716
16302090,1629,59555
5395445,1629,42758
617013,1629,75122
9176614,1629,60039
14190497,1629,40498
2355927,1629,49532
18159001,1629,58294
17408625,1629,78533
16046883,1629,61299
5262888,1629,67723
6119611,1629,34156
6119611,1629,33179
17175491,1629,68809
17049571,1629,74846
14476767,1629,66268
14476767,1629,71893
10674394,1629,30938
17486507,1629,49957
6365109,1629,68778
21121347,1629,48082
21121347,1629,69980
20638901,1629,39590
20956236,1629,69251
3723601,1629,56875
18311280,1629,71710
7289930,1629,78573
20401822,1629,75604
20401822,1629,78167
3276868,1629,45230
3276868,1629,47501
1481580,1629,47039
3218590,1629,42607
3218590,1629,41733
21125058,1629,57275
8195469,1629,72828
19195682,1629,49569
7509760,1629,50675
14619386,1629,71196
14619386,1629,64600
14553500,1629,41311
12374289,1629,56275
1445991,1629,44420
18478460,1629,46073
2203491,1629,42414
16043172,1629,64897
4660030,1629,66191
14898243,1629,39872
19727612,1629,72468
14949794,1629,74694
19708583,1629,47727
19708583,1629,47936
5365095,1629,44416
6756558,1629,48901
1349596,1629,70324
19643060,1629,73942
665306,1629,71882
877235,1629,71506
2959323,1629,78434
5758355,1629,47152
3832790,1629,40942
5443429,1629,60301
4840324,1629,76221
9123202,1629,68170
21079755,1629,68221
849056,1629,50698
13442570,1629,77526
8955332,1629,75490
1448319,1629,74239
456703,1629,72302
12115319,1629,72028
2684056,1629,65302
21448065,1629,59639
16995212,1629,70206
10900842,1629,38766
2271229,1629,53491
9257677,1629,46326
226010,1629,54739
9650652,1629,78260
4026194,1629,44152
11230352,1629,50895
20874326,1629,76558
18396845,1629,79113
4097161,1629,47414
22034382,1629,71482
21765526,1629,66696
16884916,1629,43522
8556754,1629,76800
5779662,1629,60651
21511633,1629,77643
3972032,1629,70282
13822500,1629,75847
17584698,1629,76950
17584698,1629,76251
5739200,1629,33794
17360865,1629,77598
14976223,1629,43320
17313414,1629,75695
10771472,1629,55684
17379464,1629,54264
3166357,1629,56353
8931582,1629,57657
15042353,1629,50351
18255986,1629,50035
18971106,1629,63431
5836101,1629,69794
11562612,1629,68839
11562612,1629,69227
11863355,1629,59831
21123306,1629,74529
10259400,1629,43415
8519857,1629,37503
16275169,1629,64320
8757597,1629,74348
18734392,1629,34147
19962226,1629,64179
4606908,1629,38026
2664736,1629,76520
7073251,1629,38829
8376825,1629,62140
21607363,1629,76699
3187780,1629,44508
7055665,1629,71350
13983329,1629,63905
20573186,1629,41696
11096809,1629,66759
13926125,1629,63884
16505458,1629,54868
16153132,1629,64990
19965463,1629,69553
18211970,1629,73195
2956092,1629,73848
7033878,1629,77791
3862363,1629,51272
15207430,1629,50936
19070366,1629,37123
4285944,1629,71476
4285944,1629,46167
5584474,1629,72988
17298082,1629,47704
2759202,1629,78569
20638490,1629,72574
12665148,1629,71725
6663212,1629,41589
2240885,1629,51875
19323886,1629,73272
16194143,1629,74153
4595414,1629,71440
19726234,1629,65455
7684445,1629,73856
3647919,1629,76728
21937879,1629,43818
7878609,1629,61566
2981902,1629,76033
14538004,1629,62120
4929818,1629,72691
13585228,1629,61309
11770158,1629,44752
16810934,1629,72381
12949362,1629,77443
10878137,1629,49941
18620885,1629,70307
18620885,1629,73586
15109804,1629,50498
18810517,1629,75105
14812579,1629,71370
19201246,1629,66574
9794631,1629,74848
16448339,1629,54115
20623071,1629,36024
11419297,1629,61592
19057547,1629,49209
7332290,1629,74293
18502984,1629,34535
6891637,1629,69534
11736285,1629,55321
10491261,1629,77725
5705120,1629,70653
6532358,1629,44212
3122978,1629,72284
12271551,1629,66116
13652944,1629,75802
20423229,1629,79032
2156435,1629,53683
12819900,1629,48315
11987582,1629,77645
15973262,1629,66224
5629060,1629,75079
20999167,1629,45620
2856246,1629,72370
8989091,1629,54326
6714111,1629,67535
6377241,1629,54242
4191213,1629,54725
4191213,1629,55090
4958886,1629,70637
4958886,1629,45447
5476809,1629,64249
1285201,1629,45932
15143393,1629,45946
7279318,1629,70458
19613162,1629,81493
16127330,1629,54233
15255307,1629,60765
19734315,1629,65918
3741010,1629,38902
6915889,1629,77178
3470233,1629,69766
17191006,1629,76733
9915532,1629,63141
2429807,1629,77504
5194810,1629,72610
22604786,1629,76329
22500465,1629,68993
2993088,1629,44562
16558368,1629,69507
16558368,1629,69605
1998535,1629,49360
21205803,1629,66363
7367065,1629,48928
12267745,1629,65308
22325522,1629,51258
5196420,1629,68842
1678869,1629,72517
22214551,1629,58708
6648533,1629,78624
6994330,1629,72093
4312830,1629,55580
8503806,1629,55529
14556974,1629,52222
4026196,1629,74148
3649613,1629,78017
1260559,1629,66761
8825391,1629,41529
14980063,1629,52336
11236220,1629,33415
16943672,1629,73724
21303932,1629,70674
13121629,1629,39681
2572856,1629,75313
22318558,1629,40505
3203591,1629,54722
3203591,1629,56946
3203591,1629,50940
19589882,1629,76415
13071952,1629,59341
6276549,1629,71737
19619496,1629,74002
17646218,1629,60742
22002359,1629,39854
13091416,1629,52769
3162222,1629,63493
7502891,1629,59627
4135053,1629,70215
4135053,1629,71194
19214951,1629,72638
2842128,1629,49669
8002479,1629,74315
11178961,1629,80965
3515753,1629,74527
11178961,1629,81444
18526145,1629,61166
8016228,1629,70770
3169728,1629,77356
7384081,1629,49765
14955834,1629,45106
15526471,1629,49392
22221964,1629,54013
4943503,1629,62665
10200417,1629,71509
5356142,1629,65113
13024291,1629,66829
2323998,1629,69061
15942072,1629,42584
1885088,1629,64664
4166818,1629,62390
3599874,1629,74933
14991989,1629,69947
18516327,1629,78391
5403642,1629,76350
2067471,1629,60730
18096822,1629,59246
16586970,1629,80559
16474416,1629,72200
1081234,1629,48089
8858206,1629,54800
8858206,1629,54585
2464338,1629,74089
6345448,1629,59054
21357242,1629,73632
11533782,1629,71149
683388,1629,73420
683388,1629,72629
8979849,1629,73478
12185414,1629,54476
12185414,1629,55735
885293,1629,67417
22577506,1629,76275
6847906,1629,70621
9010426,1629,73237
19150174,1629,63887
9884440,1629,70485
13622834,1629,66376
18916188,1629,78825
19286722,1629,72670
10253658,1629,56367
884961,1629,68620
20154706,1629,44586
13368251,1629,75790
19146304,1629,47254
3350912,1629,75141
19909460,1629,40386
21452872,1629,69894
9461756,1629,48721
8297056,1629,64310
13565421,1629,62313
9665751,1629,40257
614097,1629,73152
11608926,1629,66266
10172588,1629,70399
5937484,1629,37206
16125463,1629,65909
16558323,1629,52399
13003634,1629,81087
8131214,1629,69634
3880224,1629,67463
10578955,1629,53704
11401,1629,54996
5477701,1629,78375
18517059,1629,78073
14181536,1629,76443
22027982,1629,66903
10595246,1629,78568
10595246,1629,78287
8730089,1629,76263
6034385,1629,66059
1318652,1629,74255
9542212,1629,46016
7084513,1629,69170
4217777,1629,78452
17138581,1629,47211
17746293,1629,71366
17937626,1629,73565
16847753,1629,64119
11369859,1629,73570
7509489,1629,63266
16070443,1629,44789
16601830,1629,72528
8777446,1629,74337
14222740,1629,57261
4766971,1629,43894
4766971,1629,30522
20920165,1629,50356
13402397,1629,43517
21298036,1629,45279
18263563,1629,56569
5594814,1629,70063
13087472,1629,61588
16539973,1629,40400
17370074,1629,70730
17727,1629,75617
18460570,1629,72287
22587936,1629,67265
9817961,1629,59134
17461557,1629,40250
18828076,1629,77169
19309459,1629,74728
10650228,1629,78212
4450444,1629,76131
12767720,1629,73936
2722710,1629,51860
5432379,1629,50536
5170758,1629,39778
5170758,1629,42694
6111943,1629,78377
6317198,1629,46722
17676252,1629,50544
3863851,1629,59520
16597371,1629,67859
21070396,1629,35968
7177151,1629,56712
8455740,1629,66512
19537162,1629,40919
4132549,1629,70843
20753544,1629,53785
8255377,1629,70365
12667900,1629,73489
13709149,1629,73444
16148614,1629,69091
19293689,1629,70242
4539118,1629,35154
17931092,1629,74727
19415217,1629,69098
22407465,1629,55232
11090069,1629,64027
18512830,1629,53358
4421091,1629,49013
22037,1629,61331
16209363,1629,73064
6392470,1629,66503
17900154,1629,67388
21848549,1629,59470
3743154,1629,74946
3444842,1629,71762
16575049,1629,78014
1851605,1629,76754
10831426,1629,48883
9479572,1629,75195
11429489,1629,49784
11880422,1629,76762
16889109,1629,71331
21514849,1629,71327
8968872,1629,46820
2319980,1629,48202
1840743,1629,73321
15311003,1629,60301
217933,1629,70322
22333408,1629,68979
9943828,1629,66945
7161113,1629,48763
7161113,1629,46863
8694417,1629,59822
2709177,1629,71332
803076,1629,47114
803076,1629,52540
803076,1629,50051
8824525,1629,41620
8197790,1629,48184
8197790,1629,44390
14976286,1629,75557
11193917,1629,76696
17629676,1629,72060
14027478,1629,75390
18341279,1629,72848
1077871,1629,38095
3918047,1629,76158
9626711,1629,52919
13097382,1629,46407
3331379,1629,75058
16815681,1629,68620
596327,1629,74950
2932093,1629,61102
6251224,1629,67572
18782221,1629,50577
13161356,1629,49169
13161356,1629,49120
7086414,1629,68554
12910178,1629,66567
20791485,1629,68874
20791485,1629,68609
12444908,1629,67032
18795389,1629,49326
18321924,1629,66086
16174873,1629,77127
16645224,1629,70399
16645224,1629,70645
14013116,1629,48207
18447753,1629,62532
13305882,1629,45304
10414888,1629,39921
13619860,1629,36126
2961287,1629,63669
5853750,1629,57510
7560896,1629,71990
17700769,1629,64686
17908164,1629,69329
11492606,1629,78965
18110337,1629,74764
18839605,1629,75549
8514278,1629,80753
11002834,1629,52402
11002834,1629,51584
3400876,1629,43837
20110910,1629,64669
15727481,1629,61900
19415677,1629,52207
14223855,1629,59536
8220867,1629,45584
18089058,1629,37029
8508596,1629,78569
16916437,1629,70605
225770,1629,68204
17332387,1629,37936
5710859,1629,48180
18198658,1629,56923
15609162,1629,55726
15609162,1629,56374
1416981,1629,70414
9779648,1629,59892
10305683,1629,74644
18825234,1629,42631
4661792,1629,58842
7895592,1629,48202
5674169,1629,68989
5674169,1629,69418
4414657,1629,69159
4798150,1629,51170
1364287,1629,36769
13849,1629,66292
22062241,1629,70283
21565893,1629,77376
6098189,1629,78285
11238166,1629,66734
11708351,1629,38654
20743441,1629,58204
2377766,1629,50607
14148636,1629,53297
3177812,1629,76576
14662000,1629,61821
5702259,1629,74175
22170052,1629,54087
9734318,1629,45356
17985862,1629,64539
1331664,1629,55052
3096100,1629,65815
1962384,1629,77159
9591095,1629,48233
16158630,1629,59091
17901193,1629,53934
790080,1629,69239
1789049,1629,68596
22167609,1629,78256
8513233,1629,59978
8513233,1629,60732
8513233,1629,62155
14652343,1629,50107
701157,1629,49272
6026578,1629,63127
13234237,1629,56753
16944168,1629,60823
9302101,1629,67709
13018403,1629,64394
5186931,1629,51730
5186931,1629,54074
4990765,1629,68786
4990765,1629,70321
4063021,1629,73944
19531374,1629,75982
11386008,1629,43990
18013022,1629,74910
21618859,1629,44117
12314858,1629,72502
13805549,1629,38367
19989157,1629,43312
19989157,1629,42186
448378,1629,79001
9021203,1629,39397
1392067,1629,47347
5138323,1629,69024
19142449,1629,51306
7688660,1629,52390
7688660,1629,49850
14898380,1629,65888
14898380,1629,68611
10866955,1629,39885
14996762,1629,51893
7358608,1629,58630
12769618,1629,64969
12193311,1629,44743
17343561,1629,72282
2554176,1629,73987
4224555,1629,75261
8663475,1629,75570
2238121,1629,61065
9404127,1629,32415
19369927,1629,75833
9470503,1629,75130
13192373,1629,46466
4099676,1629,70947
16851980,1629,39346
10411479,1629,30065
17519716,1629,70682
13902130,1629,32907
20127795,1629,62053
15809329,1629,45958
20127795,1629,64493
11288617,1629,72912
21744511,1629,70084
14460626,1629,77928
12726376,1629,73393
20247277,1629,66428
12358765,1629,35779
3363733,1629,68760
16619355,1629,40793
15371763,1629,77212
9019999,1629,45142
8110549,1629,37594
1268171,1629,34172
7078446,1629,43358
20815271,1629,79127
7284430,1629,71849
6845740,1629,75577
9528915,1629,44880
875255,1629,74356
6939448,1629,73116
6939448,1629,73890
459228,1629,76659
11550976,1629,47002
9421471,1629,64886
15116597,1629,59585
4124297,1629,49663
10688043,1629,75836
4161423,1629,77552
3365846,1629,67309
13873340,1629,71338
8631555,1629,69755
8481271,1629,73558
9763461,1629,42394
9763461,1629,44013
1394248,1629,75982
1394248,1629,76647
12472534,1629,73569
7100028,1629,72099
9080955,1629,53770
10000937,1629,58892
5572509,1629,72037
9169959,1629,44806
17291255,1629,47561
4207574,1629,58819
18691502,1629,72602
22335547,1629,68338
18552267,1629,36627
16767846,1629,67107
16374351,1629,75599
17291728,1629,32567
10214165,1629,39501
6456886,1629,57015
1667194,1629,38378
12692642,1629,49036
1363846,1629,79220
21255609,1629,58009
17524445,1629,61199
18218514,1629,76707
15475812,1629,54176
2913551,1629,58293
21598275,1629,72948
18636947,1629,69848
20023856,1629,39604
18452715,1629,70671
11030617,1629,63556
11030617,1629,67325
1667210,1629,67445
13261610,1629,77378
11227817,1629,73658
11227817,1629,73933
5128707,1629,70104
5128707,1629,71614
9139071,1629,48310
8491506,1629,42336
16306627,1629,68062
12358331,1629,45942
22085261,1629,44383
15596243,1629,81012
9015402,1629,38712
13883990,1629,68841
7788360,1629,64137
7788360,1629,61375
21850786,1629,67732
21850786,1629,70231
21850786,1629,71543
9952367,1629,36511
7141252,1629,76543
9345192,1629,60831
10144310,1629,70572
5966374,1629,39506
11430850,1629,70159
2930206,1629,44978
8709821,1629,39977
1150797,1629,73328
12417007,1629,71523
4026840,1629,38871
21264898,1629,74928
12572993,1629,57814
12572993,1629,75056
21554573,1629,33305
3109528,1629,35506
14440986,1629,37553
10548465,1629,67524
22335346,1629,48826
3804939,1629,55744
3804939,1629,54440
17060872,1629,77183
14837278,1629,77340
18317517,1629,55209
22172600,1629,57620
12356843,1629,71411
14121950,1629,81891
15617437,1629,33896
15617437,1629,37253
18580652,1629,61954
11717641,1629,73036
11717641,1629,69592
10793811,1629,63021
14767874,1629,53553
18029226,1629,53526
208078,1629,65534
768067,1629,44729
3950719,1629,78247
14173663,1629,67827
22246707,1629,76303
22246707,1629,74693
17049646,1629,65096
9765795,1629,73253
13549947,1629,73340
6368628,1629,49367
11467012,1629,74227
359346,1629,76299
19927669,1629,62377
2101580,1629,43593
8605291,1629,50943
1497070,1629,65436
1497070,1629,62893
647243,1629,67132
9380217,1629,33243
16698059,1629,76889
20408128,1629,59674
18753806,1629,60155
3913074,1629,57373
7829481,1629,73191
15980788,1629,68843
20204339,1629,39286
11712724,1629,73754
11549095,1629,70764
18160326,1629,66463
3017004,1629,71666
3017004,1629,67866
2378364,1629,69890
4691596,1629,75029
19456281,1629,78752
18704001,1629,70186
410674,1629,75577
14595381,1629,74649
17953100,1629,75235
13182180,1629,46512
3909301,1629,51145
16601702,1629,50819
18762994,1629,78648
22458858,1629,63835
1103340,1629,78249
15020875,1629,67202
15704901,1629,62455
18364033,1629,72952
418561,1629,71132
20950284,1629,70804
8951471,1629,62960
2051660,1629,61141
22496301,1629,72862
19812248,1629,65465
14187622,1629,72154
3281653,1629,72712
15597926,1629,69962
12493563,1629,50350
6410999,1629,66947
6410999,1629,67343
746401,1629,36045
12354617,1629,74370
17496693,1629,81807
12366256,1629,72286
1790067,1629,44826
20072340,1629,72239
13472291,1629,69271
22308639,1629,75288
2076547,1629,26322
7834533,1629,76357
5102747,1629,61086
7825099,1629,46234
6571830,1629,55120
22461563,1629,74266
7906769,1629,59583
18766439,1629,33739
9400568,1629,77661
4964139,1629,72754
4964139,1629,73224
3991762,1629,73207
17613412,1629,35656
22252300,1629,73048
14923226,1629,58281
4145945,1629,58123
2977982,1629,73395
19919320,1629,72054
13748183,1629,34922
10026002,1629,40580
16405498,1629,70225
9402930,1629,51602
17878535,1629,76621
22379636,1629,54959
22379636,1629,52073
22379636,1629,54218
6028174,1629,69210
10677193,1629,75869
1427839,1629,77148
14050429,1629,53701
17825334,1629,67327
2743998,1629,55124
20893271,1629,71563
11036580,1629,64563
20419865,1629,75776
21067787,1629,45944
22029169,1629,57800
12268025,1629,73966
14083038,1629,61567
16733134,1629,53501
8793824,1629,47918
14451548,1629,49722
5249381,1629,74346
14103353,1629,65447
15264148,1629,72167
8942721,1629,60357
10991450,1629,65372
15302086,1629,69520
2064238,1629,48472
6874193,1629,52413
2542324,1629,39773
19976604,1629,78531
14522728,1629,65970
20017808,1629,56261
3389016,1629,48050
11972859,1629,38612
10824903,1629,45413
19192618,1629,46290
19192618,1629,44963
4407978,1629,59486
20300599,1629,70727
919937,1629,59942
21620350,1629,78601
13843463,1629,57855
11882986,1629,42270
9283771,1629,75382
9437102,1629,72474
20891874,1629,59800
12085827,1629,34883
2738976,1629,58694
5787142,1629,64925
16942308,1629,59817
725326,1629,66137
725326,1629,67172
18269078,1629,67825
12708175,1629,41558
10608736,1629,77370
1423845,1629,64745
21774710,1629,36857
19253859,1629,37619
12481114,1629,72193
19271799,1629,65671
19271799,1629,65789
7762196,1629,76219
6113900,1629,49995
22600919,1629,78078
6938419,1629,74648
16383805,1629,56600
15352969,1629,65276
20903916,1629,40664
8138894,1629,66604
16783335,1629,77043
8167966,1629,45903
22404006,1629,81299
11483969,1629,45212
22351739,1629,76204
4510429,1629,49615
8210214,1629,71592
11113585,1629,36033
21336918,1629,64751
2936560,1629,65718
20381760,1629,52203
16874078,1629,69153
21078704,1629,78264
7784637,1629,60863
9196223,1629,76337
21716776,1629,47103
5714523,1629,78882
1625003,1629,71271
20932185,1629,55922
8597628,1629,30556
38440,1629,63500
19741950,1629,64344
13713824,1629,45359
20864864,1629,44593
12575782,1629,33714
12575782,1629,59351
20450036,1629,71494
5313020,1629,48909
8725287,1629,34749
17205010,1629,74223
16875175,1629,58966
317871,1629,47826
6530945,1629,72412
6227772,1629,36355
10769895,1629,52190
8216368,1629,68568
17765113,1629,49828
2953350,1629,67043
15802875,1629,47381
264918,1629,76385
6106366,1629,77771
8795317,1629,39581
2259309,1629,76630
14472335,1629,62110
14620240,1629,57958
6556599,1629,39947
9686111,1629,61898
3920380,1629,35675
19723874,1629,39806
12540596,1629,65046
8743910,1629,64840
2620596,1629,63204
18145064,1629,66397
1165317,1629,62068
6447821,1629,40441
18022052,1629,67271
20463755,1629,73805
11651044,1629,67040
3460151,1629,72186
13732671,1629,80357
13732671,1629,77009
20086502,1629,60345
4881690,1629,46977
11558153,1629,49644
5831300,1629,47650
6444634,1629,45505
9391902,1629,50231
7259941,1629,70853
16612025,1629,75111
18755541,1629,70445
15907832,1629,34342
21507806,1629,47299
8054400,1629,31526
21797642,1629,78041
5469208,1629,52279
17393128,1629,65545
17393128,1629,68092
7373976,1629,56573
16282516,1629,59716
18143506,1629,75097
4842666,1629,74900
19810166,1629,50506
11363692,1629,55961
3466838,1629,61058
10219257,1629,47624
12567882,1629,66852
4311795,1629,54041
4311795,1629,56868
7556771,1629,45794
6057009,1629,31258
13423419,1629,53956
15210347,1629,71842
9512912,1629,63478
7216491,1629,61506
7216491,1629,64088
7216491,1629,60358
7790812,1629,69058
4877224,1629,71594
12961816,1629,78196
12961816,1629,75637
1197474,1629,41297
5884783,1629,72268
5884783,1629,73575
12295799,1629,71875
22134243,1629,46170
10948575,1629,68840
22544940,1629,49659
14795130,1629,78489
12121199,1629,34517
697633,1629,70272
234975,1629,78673
6907349,1629,66533
12975181,1629,48469
4192294,1629,41156
1537894,1629,71739
3459069,1629,48343
12318124,1629,42646
18885863,1629,31079
18216031,1629,45077
5967157,1629,64331
13411681,1629,69972
13411681,1629,66705
14757645,1629,72261
16441970,1629,70953
9854112,1629,54802
15655170,1629,70710
22552133,1629,67916
10673928,1629,61541
8017460,1629,61722
6901525,1629,63903
4323307,1629,38677
5349135,1629,59586
1934667,1629,49773
4275897,1629,29700
12721812,1629,49651
17511963,1629,61594
382074,1629,36632
2392117,1629,73071
8166084,1629,64938
3428700,1629,64751
14977352,1629,64815
15812893,1629,55039
14507086,1629,54409
4231424,1629,60074
4231424,1629,61725
4231424,1629,62830
2050135,1629,67391
6084033,1629,72034
17713875,1629,68926
4401988,1629,47899
5413483,1629,46925
5413483,1629,50121
20189647,1629,61020
13646753,1629,48997
1411200,1629,52899
14064437,1629,59743
20682571,1629,48675
20682571,1629,44565
2026746,1629,49380
20539530,1629,66256
16371514,1629,69393
16371514,1629,74976
16371514,1629,72646
12104293,1629,79818
14246905,1629,78650
7686032,1629,60416
12729501,1629,59115
16261583,1629,57869
4366689,1629,46064
20896858,1629,71139
6618157,1629,78397
15557840,1629,74632
17115331,1629,61543
17115331,1629,61586
21601560,1629,32869
13810078,1629,79078
1879531,1629,41050
668186,1629,52537
232201,1629,72501
13745716,1629,70474
20719844,1629,62631
14246859,1629,73855
14118458,1629,66592
14118458,1629,75104
16642236,1629,80184
706822,1629,38685
706822,1629,40713
13902427,1629,75698
17048507,1629,76630
3547692,1629,42696
22288934,1629,67263
1241331,1629,70943
16937930,1629,79035
17990184,1629,77162
10627508,1629,70730
8607488,1629,43249
18910632,1629,73639
11016362,1629,70446
11016362,1629,74026
13379970,1629,59187
4887565,1629,39660
4400850,1629,41918
4400850,1629,36803
1432537,1629,41327
11982311,1629,67636
16098236,1629,69600
16098236,1629,68920
13254255,1629,69919
13254255,1629,71936
2981026,1629,42463
16107567,1629,54924
14406241,1629,75803
9248195,1629,58308
5775834,1629,67705
2314356,1629,55706
17366298,1629,49110
3418498,1629,43498
11391640,1629,66970
7529273,1629,78652
7529273,1629,75581
16566143,1629,54218
11169848,1629,66931
1049346,1629,68288
15649238,1629,65049
17059103,1629,71059
8283252,1629,44556
8333445,1629,72867
2296631,1629,68619
3745055,1629,30576
14750351,1629,56523
13893673,1629,64782
13893673,1629,62707
15001995,1629,72660
22388807,1629,79114
17715894,1629,47165
17308852,1629,53676
17910646,1629,81243
19614489,1629,77213
15238970,1629,33285
15238970,1629,43431
15238970,1629,52445
11728733,1629,68289
7571635,1629,55687
22145570,1629,69724
12159428,1629,44345
16755852,1629,65322
13567214,1629,52523
22242418,1629,56357
14567284,1629,69086
21030627,1629,43287
19633283,1629,50840
8065025,1629,44221
12846311,1629,71097
2331250,1629,74577
6817307,1629,69947
5226228,1629,44922
5248121,1629,57382
5248121,1629,56731
20343081,1629,50074
15090071,1629,76297
19081875,1629,76052
8850243,1629,76190
16403052,1629,72861
4010142,1629,75844
11245602,1629,43684
21721414,1629,77337
4223676,1629,76595
18773692,1629,71073
16576301,1629,73193
953046,1629,70112
21468665,1629,37941
9475260,1629,76535
1478627,1629,59261
5756350,1629,63829
6734011,1629,67749
8603862,1629,58989
18428311,1629,66842
1656449,1629,74907
16280345,1629,51088
10577034,1629,54248
15003981,1629,59192
5623850,1629,73005
6302455,1629,58843
9317384,1629,69080
13608094,1629,53995
6614853,1629,44819
2245914,1629,74728
20118178,1629,37359
18747819,1629,47291
11233900,1629,61229
13392048,1629,70027
2957704,1629,68800
5709438,1629,78232
1312719,1629,71335
20911846,1629,42392
15056027,1629,63076
14404315,1629,71911
8215331,1629,48559
187668,1629,69372
5556706,1629,74537
18750149,1629,63662
14953543,1629,40143
102915,1629,69134
14325835,1629,43486
13833998,1629,74683
20482237,1629,73646
20482237,1629,74236
8619624,1629,76896
2963335,1629,70737
9203085,1629,49557
10677057,1629,52463
4016366,1629,72962
2728998,1629,64589
15853647,1629,78350
5765925,1629,48500
429690,1629,48529
15353693,1629,61517
14292237,1629,77562
3965206,1629,61813
10307608,1629,50755
5914116,1629,43384
8717867,1629,63402
16001416,1629,71916
348196,1629,47207
15085939,1629,72993
16341989,1629,69571
10243149,1629,38916
3529412,1629,53776
4463141,1629,42861
6206473,1629,43124
7563387,1629,76605
7563387,1629,75842
4139839,1629,78845
15016868,1629,61946
20211005,1629,49426
3572743,1629,67507
13489757,1629,48838
18858640,1629,62939
4698920,1629,57633
19118687,1629,36218
13796459,1629,62464
21475678,1629,43794
12245661,1629,75306
30768,1629,49222
14445389,1629,51593
1996244,1629,75860
2406543,1629,71890
21370276,1629,52025
7638175,1629,52872
1830596,1629,66679
12084110,1629,65370
21640255,1629,70374
816707,1629,40803
7556654,1629,65544
8467678,1629,42207
21978595,1629,50579
19589184,1629,71574
19589184,1629,66324
17787604,1629,77613
13806185,1629,76471
13866123,1629,52452
20171188,1629,49895
19639461,1629,75269
5363858,1629,67932
6146879,1629,46888
16587828,1629,67474
11646991,1629,41019
539433,1629,34464
18081224,1629,75515
10418413,1629,37204
22039419,1629,67625
12092650,1629,59368
12092650,1629,58405
20308410,1629,37591
139988,1629,47019
2559165,1629,77061
9812727,1629,67060
9636778,1629,55027
7080190,1629,42830
11723673,1629,65446
7536609,1629,49706
7536609,1629,56524
3187102,1629,37762
16478015,1629,77485
16202609,1629,45440
14694205,1629,61148
14559887,1629,52107
10053807,1629,43312
12266981,1629,70964
20815170,1629,33688
6229354,1629,50668
1723050,1629,69096
20217456,1629,39745
21440965,1629,60631
11819505,1629,73128
16959785,1629,52397
8277421,1629,47888
22091787,1629,32477
7179251,1629,77022
12611557,1629,75500
8784589,1629,65553
17972585,1629,38787
21017493,1629,62012
2439017,1629,75009
6980526,1629,76967
10952793,1629,34812
3883403,1629,34772
12855049,1629,66696
6241189,1629,58488
16889157,1629,49899
1182159,1629,55349
921013,1629,37169
921013,1629,55214
921013,1629,32806
921013,1629,47025
921013,1629,41264
921013,1629,62999
921013,1629,64286
921013,1629,67943
921013,1629,55932
921013,1629,38774
921013,1629,83644
921013,1629,60530
921013,1629,71088
921013,1629,65425
921013,1629,31186
921013,1629,69305
921013,1629,30907
921013,1629,68316
921013,1629,50341
921013,1629,77351
921013,1629,60074
921013,1629,80972
921013,1629,63530
921013,1629,28621
921013,1629,36311
921013,1629,39825
921013,1629,74357
921013,1629,55905
921013,1629,54613
921013,1629,32166
921013,1629,34912
921013,1629,74027
921013,1629,28336
921013,1629,56484
921013,1629,48743
921013,1629,59777
921013,1629,29400
921013,1629,74306
921013,1629,52818
921013,1629,37165
921013,1629,56594
921013,1629,83837
921013,1629,70620
921013,1629,37694
921013,1629,78091
921013,1629,52315
921013,1629,36993
921013,1629,59299
921013,1629,72836
921013,1629,59631
921013,1629,78370
921013,1629,61308
921013,1629,75561
921013,1629,77105
921013,1629,77392
921013,1629,46100
921013,1629,72754
921013,1629,35654
921013,1629,62882
921013,1629,85933
921013,1629,38140
921013,1629,67196
921013,1629,61303
921013,1629,59262
921013,1629,43930
921013,1629,72269
921013,1629,47530
921013,1629,68844
921013,1629,75259
921013,1629,30140
921013,1629,27344
921013,1629,54708
921013,1629,77552
921013,1629,70316
921013,1629,32818
921013,1629,71098
921013,1629,59371
921013,1629,28016
921013,1629,84543
921013,1629,58320
921013,1629,50951
921013,1629,83514
921013,1629,42972
921013,1629,29914
921013,1629,43908
921013,1629,39836
921013,1629,32469
921013,1629,40840
921013,1629,75296
921013,1629,45317
921013,1629,74550
921013,1629,34240
921013,1629,81186
921013,1629,26005
921013,1629,68491
921013,1629,66413
921013,1629,29404
921013,1629,79428
921013,1629,70539
921013,1629,72390
921013,1629,85966
921013,1629,83465
921013,1629,64853
921013,1629,34775
921013,1629,40149
921013,1629,48589
921013,1629,51556
921013,1629,40302
921013,1629,32382
921013,1629,41921
921013,1629,37146
921013,1629,53774
921013,1629,37883
921013,1629,31489
921013,1629,79323
921013,1629,59880
921013,1629,50845
921013,1629,59532
921013,1629,59913
921013,1629,41005
921013,1629,48671
921013,1629,55135
921013,1629,86127
921013,1629,65742
921013,1629,54800
921013,1629,59143
921013,1629,60337
921013,1629,47227
921013,1629,50483
921013,1629,42649
921013,1629,65990
921013,1629,75309
921013,1629,45482
921013,1629,61441
921013,1629,29057
921013,1629,69494
921013,1629,64279
921013,1629,35810
921013,1629,63537
921013,1629,61219
921013,1629,68049
921013,1629,84399
921013,1629,38656
921013,1629,50376
921013,1629,43546
921013,1629,62381
921013,1629,81170
921013,1629,67509
921013,1629,54833
921013,1629,42787
921013,1629,41505
921013,1629,78713
921013,1629,65367
921013,1629,34372
921013,1629,76811
921013,1629,29747
921013,1629,40927
921013,1629,39733
921013,1629,74719
921013,1629,53773
921013,1629,78960
921013,1629,34954
921013,1629,70454
921013,1629,46740
921013,1629,62152
921013,1629,36021
921013,1629,44959
921013,1629,82276
921013,1629,37229
921013,1629,75959
921013,1629,43589
921013,1629,43714
921013,1629,30165
921013,1629,26886
921013,1629,67646
921013,1629,76821
921013,1629,82540
921013,1629,61163
921013,1629,81644
921013,1629,63788
921013,1629,67684
921013,1629,51829
921013,1629,34351
921013,1629,61992
921013,1629,58474
921013,1629,65192
921013,1629,61640
921013,1629,77836
921013,1629,33858
921013,1629,32684
921013,1629,66044
921013,1629,40253
921013,1629,69926
921013,1629,44494
921013,1629,37586
921013,1629,59660
921013,1629,82327
921013,1629,29273
921013,1629,66873
921013,1629,85462
921013,1629,43133
921013,1629,47977
921013,1629,38286
921013,1629,68886
921013,1629,48044
921013,1629,64011
921013,1629,27336
921013,1629,65222
921013,1629,78210
921013,1629,66280
921013,1629,83520
921013,1629,60497
921013,1629,67916
921013,1629,68479
921013,1629,66077
921013,1629,51281
921013,1629,71485
921013,1629,65749
921013,1629,61207
921013,1629,70833
921013,1629,77369
921013,1629,42553
921013,1629,40396
921013,1629,54701
921013,1629,67722
921013,1629,38887
921013,1629,68456
921013,1629,74038
921013,1629,58152
921013,1629,49639
921013,1629,53264
921013,1629,72892
921013,1629,35500
921013,1629,50307
921013,1629,59121
921013,1629,27857
921013,1629,59270
921013,1629,41074
921013,1629,36358
921013,1629,25537
921013,1629,51692
921013,1629,51382
921013,1629,51403
921013,1629,70541
921013,1629,61146
921013,1629,68552
921013,1629,85722
921013,1629,69351
921013,1629,34422
921013,1629,44277
921013,1629,58411
921013,1629,44654
921013,1629,37832
921013,1629,71930
921013,1629,33598
921013,1629,46102
921013,1629,38052
921013,1629,78201
921013,1629,78865
921013,1629,60409
921013,1629,86032
921013,1629,55632
921013,1629,70725
921013,1629,63732
921013,1629,45722
921013,1629,45711
921013,1629,51013
921013,1629,82197
921013,1629,40881
921013,1629,32946
921013,1629,25496
921013,1629,45166
921013,1629,51941
921013,1629,76598
921013,1629,45444
921013,1629,35857
921013,1629,64208
921013,1629,53464
921013,1629,58562
921013,1629,31900
921013,1629,39687
921013,1629,25692
921013,1629,56018
921013,1629,58279
921013,1629,78786
921013,1629,60836
921013,1629,47429
921013,1629,44177
921013,1629,61096
921013,1629,27665
921013,1629,77664
921013,1629,70860
921013,1629,36159
921013,1629,56066
921013,1629,54454
921013,1629,41100
921013,1629,57136
921013,1629,77724
921013,1629,40974
921013,1629,60544
921013,1629,48010
921013,1629,36886
921013,1629,65052
921013,1629,57858
921013,1629,44446
921013,1629,37543
921013,1629,59077
921013,1629,70006
921013,1629,66115
921013,1629,61014
921013,1629,26372
921013,1629,83633
921013,1629,49564
921013,1629,52816
921013,1629,26988
921013,1629,66902
921013,1629,78223
921013,1629,40000
921013,1629,69695
921013,1629,31267
921013,1629,58699
921013,1629,55383
921013,1629,40952
921013,1629,39232
921013,1629,61882
921013,1629,78145
921013,1629,47239
921013,1629,51333
921013,1629,61509
921013,1629,74731
921013,1629,75893
921013,1629,32466
921013,1629,33912
921013,1629,46765
921013,1629,43926
921013,1629,28536
921013,1629,70326
921013,1629,40574
921013,1629,40620
921013,1629,42157
921013,1629,38813
921013,1629,59668
921013,1629,34219
921013,1629,85146
921013,1629,31218
921013,1629,57412
921013,1629,47838
921013,1629,34692
921013,1629,58759
921013,1629,46243
921013,1629,36800
921013,1629,56597
921013,1629,61814
921013,1629,42626
921013,1629,56706
921013,1629,53930
921013,1629,44911
921013,1629,43988
921013,1629,40782
921013,1629,39686
921013,1629,35656
921013,1629,34480
921013,1629,58682
921013,1629,32942
921013,1629,39163
921013,1629,60985
921013,1629,37281
921013,1629,79153
921013,1629,68435
921013,1629,53865
921013,1629,60072
921013,1629,78404
921013,1629,37376
921013,1629,49718
921013,1629,84987
921013,1629,54399
921013,1629,82911
921013,1629,82819
921013,1629,45601
921013,1629,61887
921013,1629,84627
921013,1629,51757
921013,1629,70590
921013,1629,30080
921013,1629,36304
921013,1629,36903
921013,1629,44850
921013,1629,73497
921013,1629,31994
921013,1629,70838
921013,1629,28399
921013,1629,32705
921013,1629,30685
921013,1629,32195
921013,1629,51753
921013,1629,33128
921013,1629,70350
921013,1629,80130
921013,1629,51769
921013,1629,38228
921013,1629,26903
921013,1629,43819
921013,1629,40424
921013,1629,60045
921013,1629,60724
921013,1629,46227
921013,1629,40573
921013,1629,63471
921013,1629,47598
921013,1629,76143
921013,1629,40537
921013,1629,72807
921013,1629,63972
921013,1629,32300
921013,1629,67284
921013,1629,42969
921013,1629,45960
921013,1629,27038
921013,1629,41009
921013,1629,58356
921013,1629,79422
921013,1629,43010
921013,1629,56708
921013,1629,45520
921013,1629,27051
921013,1629,81261
921013,1629,69697
921013,1629,35891
921013,1629,57313
921013,1629,67210
921013,1629,85565
921013,1629,38343
921013,1629,75018
921013,1629,60165
921013,1629,83440
921013,1629,53442
921013,1629,57815
921013,1629,56631
921013,1629,40220
921013,1629,44451
921013,1629,56304
921013,1629,71729
921013,1629,70385
921013,1629,62001
921013,1629,74822
921013,1629,55549
921013,1629,59513
921013,1629,29155
921013,1629,59264
921013,1629,71677
921013,1629,76104
921013,1629,77514
921013,1629,82306
921013,1629,34571
921013,1629,48744
921013,1629,74179
921013,1629,67105
921013,1629,72462
921013,1629,66524
921013,1629,77644
921013,1629,58139
921013,1629,49630
921013,1629,85821
921013,1629,63894
921013,1629,80522
921013,1629,33022
921013,1629,40465
921013,1629,75175
921013,1629,69959
921013,1629,63571
921013,1629,63607
921013,1629,66904
921013,1629,25853
921013,1629,44985
921013,1629,71112
921013,1629,63193
921013,1629,37155
921013,1629,44431
921013,1629,58555
921013,1629,84054
921013,1629,46132
921013,1629,83608
921013,1629,55829
921013,1629,31672
921013,1629,81758
921013,1629,38345
921013,1629,76381
921013,1629,47474
921013,1629,65551
921013,1629,65265
921013,1629,83753
921013,1629,60987
921013,1629,49749
921013,1629,73689
921013,1629,82346
921013,1629,50661
921013,1629,54829
921013,1629,62238
921013,1629,72177
921013,1629,31692
921013,1629,82555
921013,1629,61358
921013,1629,39967
921013,1629,55255
921013,1629,76913
921013,1629,51325
921013,1629,41438
921013,1629,73911
921013,1629,82251
921013,1629,47504
921013,1629,35498
921013,1629,30420
921013,1629,41860
921013,1629,30675
921013,1629,71808
921013,1629,75812
921013,1629,56844
921013,1629,28418
921013,1629,44848
921013,1629,44774
921013,1629,44475
921013,1629,66935
921013,1629,70050
921013,1629,52193
921013,1629,48637
921013,1629,60006
921013,1629,42265
921013,1629,29104
921013,1629,44741
921013,1629,40521
921013,1629,84728
921013,1629,45859
921013,1629,31121
921013,1629,74816
921013,1629,72318
921013,1629,85004
921013,1629,82499
921013,1629,77097
921013,1629,71669
921013,1629,53492
921013,1629,26737
921013,1629,53924
921013,1629,51544
921013,1629,37969
921013,1629,82749
921013,1629,56944
921013,1629,55222
921013,1629,68432
921013,1629,55883
921013,1629,62069
921013,1629,52038
921013,1629,65340
921013,1629,52461
921013,1629,30256
921013,1629,70016
921013,1629,72439
921013,1629,71718
921013,1629,80459
921013,1629,74976
921013,1629,84374
921013,1629,43498
921013,1629,70979
921013,1629,76606
921013,1629,54744
921013,1629,59984
921013,1629,85053
921013,1629,26018
921013,1629,77497
921013,1629,43376
921013,1629,33660
921013,1629,27100
921013,1629,30846
921013,1629,65938
921013,1629,47137
921013,1629,26496
921013,1629,39868
921013,1629,81482
921013,1629,30679
921013,1629,85970
921013,1629,59349
921013,1629,54829
921013,1629,66800
921013,1629,50346
921013,1629,57077
921013,1629,73411
921013,1629,60168
921013,1629,26393
921013,1629,55770
921013,1629,82661
921013,1629,47800
921013,1629,58363
921013,1629,46379
921013,1629,69980
921013,1629,31708
921013,1629,36789
921013,1629,54438
921013,1629,69665
921013,1629,32764
921013,1629,77014
921013,1629,66897
921013,1629,56167
921013,1629,61363
921013,1629,34156
921013,1629,50545
921013,1629,49547
921013,1629,42399
921013,1629,50498
921013,1629,63635
921013,1629,59601
921013,1629,32546
921013,1629,41888
921013,1629,53114
921013,1629,37847
921013,1629,54988
921013,1629,74248
921013,1629,61456
921013,1629,38250
921013,1629,32159
921013,1629,54230
921013,1629,85227
921013,1629,28901
921013,1629,37070
921013,1629,37476
921013,1629,42812
921013,1629,32940
921013,1629,76693
921013,1629,68318
921013,1629,66527
921013,1629,56682
921013,1629,48920
921013,1629,48238
921013,1629,58264
921013,1629,55352
921013,1629,67261
921013,1629,33536
921013,1629,37906
921013,1629,74618
921013,1629,67910
921013,1629,50028
921013,1629,48110
921013,1629,57499
921013,1629,73998
921013,1629,61000
921013,1629,54368
921013,1629,54303
921013,1629,64174
921013,1629,44625
921013,1629,49337
921013,1629,52553
921013,1629,36181
921013,1629,70461
921013,1629,45885
921013,1629,70580
921013,1629,71264
921013,1629,63122
921013,1629,71962
921013,1629,81020
921013,1629,32744
921013,1629,46968
921013,1629,63631
921013,1629,35432
921013,1629,75248
921013,1629,37663
921013,1629,62251
921013,1629,59889
921013,1629,57206
921013,1629,35268
921013,1629,38650
921013,1629,60204
921013,1629,74925
921013,1629,42427
921013,1629,31630
921013,1629,67052
921013,1629,59664
921013,1629,71460
921013,1629,40022
921013,1629,57695
921013,1629,76619
921013,1629,39292
921013,1629,29917
921013,1629,79742
921013,1629,52309
921013,1629,68043
921013,1629,53656
921013,1629,83554
921013,1629,78558
921013,1629,76114
921013,1629,56731
921013,1629,58457
921013,1629,77942
921013,1629,42730
921013,1629,62258
921013,1629,26354
921013,1629,66167
921013,1629,83578
921013,1629,39323
921013,1629,76767
921013,1629,42809
921013,1629,75023
921013,1629,56026
921013,1629,75892
921013,1629,41982
921013,1629,63216
921013,1629,85338
921013,1629,34061
921013,1629,49055
921013,1629,74950
921013,1629,30419
921013,1629,69304
921013,1629,63542
921013,1629,77998
921013,1629,67579
921013,1629,81063
921013,1629,34300
921013,1629,31250
921013,1629,76569
921013,1629,35213
921013,1629,60153
921013,1629,84804
921013,1629,83603
921013,1629,65450
921013,1629,79099
921013,1629,27341
921013,1629,47774
921013,1629,55650
921013,1629,67866
921013,1629,55915
921013,1629,31348
921013,1629,32655
921013,1629,25948
921013,1629,36819
921013,1629,42384
921013,1629,43431
921013,1629,78932
921013,1629,66479
921013,1629,27592
921013,1629,81695
921013,1629,78715
921013,1629,60927
921013,1629,65224
921013,1629,62775
921013,1629,71054
921013,1629,30531
921013,1629,34076
921013,1629,77879
921013,1629,51151
921013,1629,71331
921013,1629,52619
921013,1629,26412
921013,1629,48380
921013,1629,73987
921013,1629,47382
921013,1629,35129
921013,1629,59039
921013,1629,61681
921013,1629,41676
921013,1629,41645
921013,1629,62433
921013,1629,68547
921013,1629,25220
921013,1629,63958
921013,1629,48962
921013,1629,67332
921013,1629,39003
921013,1629,83684
921013,1629,37570
921013,1629,54859
921013,1629,30588
921013,1629,78771
921013,1629,42335
921013,1629,73067
921013,1629,66956
921013,1629,67497
921013,1629,39450
921013,1629,41447
921013,1629,38171
921013,1629,79257
921013,1629,29123
921013,1629,47239
921013,1629,31398
921013,1629,80297
921013,1629,64315
921013,1629,38143
921013,1629,54454
921013,1629,49636
921013,1629,29827
921013,1629,43363
921013,1629,25508
921013,1629,77058
921013,1629,67464
921013,1629,35204
921013,1629,75255
921013,1629,57030
921013,1629,77356
921013,1629,39226
921013,1629,63932
921013,1629,59794
921013,1629,71345
921013,1629,27230
921013,1629,46570
921013,1629,30696
921013,1629,44121
921013,1629,45268
921013,1629,73244
921013,1629,55690
921013,1629,76026
921013,1629,84098
921013,1629,45905
921013,1629,72159
921013,1629,80161
921013,1629,83562
921013,1629,72232
921013,1629,61654
921013,1629,75230
921013,1629,76442
921013,1629,44687
921013,1629,63095
921013,1629,58085
921013,1629,40990
921013,1629,60505
921013,1629,56859
921013,1629,78155
921013,1629,35368
921013,1629,32529
921013,1629,57270
921013,1629,28787
921013,1629,68253
921013,1629,32327
921013,1629,38320
921013,1629,83736
921013,1629,50610
921013,1629,79823
921013,1629,75769
921013,1629,51176
921013,1629,62413
921013,1629,77881
921013,1629,31575
921013,1629,50620
921013,1629,49560
921013,1629,64275
921013,1629,44839
921013,1629,41157
921013,1629,63656
921013,1629,71078
921013,1629,33303
921013,1629,41173
921013,1629,25999
921013,1629,55730
921013,1629,56676
921013,1629,48870
921013,1629,83746
921013,1629,35563
921013,1629,49440
921013,1629,49223
921013,1629,30098
921013,1629,46997
921013,1629,44715
921013,1629,29489
921013,1629,30322
921013,1629,66026
921013,1629,73194
921013,1629,41294
921013,1629,38566
921013,1629,35843
921013,1629,66406
921013,1629,50427
921013,1629,60473
921013,1629,86019
921013,1629,65982
921013,1629,34026
921013,1629,62937
921013,1629,38001
921013,1629,29283
921013,1629,27232
921013,1629,43925
921013,1629,68681
921013,1629,58445
921013,1629,70963
921013,1629,37813
921013,1629,65812
921013,1629,33298
921013,1629,36115
921013,1629,74920
921013,1629,31262
921013,1629,44780
921013,1629,66188
921013,1629,68617
921013,1629,55986
921013,1629,51524
921013,1629,79272
921013,1629,35298
921013,1629,57519
921013,1629,28487
921013,1629,78177
921013,1629,54384
921013,1629,51366
921013,1629,38924
921013,1629,78303
921013,1629,72509
921013,1629,82192
921013,1629,39829
921013,1629,45892
921013,1629,84173
921013,1629,59024
921013,1629,60044
921013,1629,25788
921013,1629,30145
921013,1629,58302
921013,1629,80996
921013,1629,56155
921013,1629,78957
921013,1629,53469
921013,1629,40275
921013,1629,31275
921013,1629,35909
921013,1629,41320
921013,1629,39034
921013,1629,52955
921013,1629,31192
921013,1629,62088
921013,1629,71804
921013,1629,85191
921013,1629,84597
921013,1629,42275
921013,1629,35192
921013,1629,50102
921013,1629,53584
921013,1629,80679
921013,1629,78819
921013,1629,72066
921013,1629,81218
921013,1629,78751
921013,1629,39729
921013,1629,54832
921013,1629,47860
921013,1629,39945
921013,1629,73728
921013,1629,57323
921013,1629,75476
921013,1629,31326
921013,1629,62314
921013,1629,34322
921013,1629,28350
921013,1629,52442
921013,1629,35403
921013,1629,44598
921013,1629,56539
921013,1629,28943
921013,1629,74553
921013,1629,47864
921013,1629,83559
921013,1629,70169
921013,1629,66407
921013,1629,53759
921013,1629,70536
921013,1629,47541
921013,1629,58617
921013,1629,64894
921013,1629,45006
921013,1629,62184
921013,1629,73506
921013,1629,43011
921013,1629,73955
921013,1629,52225
921013,1629,49699
921013,1629,70044
921013,1629,31582
921013,1629,31351
921013,1629,62406
921013,1629,41437
921013,1629,42239
921013,1629,70275
921013,1629,82304
921013,1629,38277
921013,1629,70481
921013,1629,27721
921013,1629,31210
921013,1629,83182
921013,1629,26136
921013,1629,66341
921013,1629,75293
921013,1629,65364
921013,1629,27098
921013,1629,25947
921013,1629,69511
921013,1629,75932
921013,1629,68712
921013,1629,70751
921013,1629,48698
921013,1629,84116
921013,1629,85128
921013,1629,47642
921013,1629,33783
921013,1629,51242
921013,1629,33338
921013,1629,82027
921013,1629,32366
921013,1629,68926
921013,1629,63889
921013,1629,84183
921013,1629,38571
921013,1629,43148
921013,1629,52175
921013,1629,54681
921013,1629,49790
921013,1629,74321
921013,1629,81005
921013,1629,53922
921013,1629,33965
921013,1629,50816
921013,1629,44482
921013,1629,27201
921013,1629,73147
921013,1629,68428
921013,1629,49519
921013,1629,63311
921013,1629,59427
921013,1629,39019
921013,1629,42725
921013,1629,29600
921013,1629,29794
921013,1629,44015
921013,1629,50984
921013,1629,63791
921013,1629,59316
921013,1629,71255
921013,1629,47113
921013,1629,66906
921013,1629,85042
921013,1629,26363
921013,1629,31238
921013,1629,77337
921013,1629,61785
921013,1629,40620
921013,1629,72763
921013,1629,83491
921013,1629,56222
921013,1629,72242
921013,1629,29260
921013,1629,31511
921013,1629,83084
921013,1629,37165
921013,1629,64496
921013,1629,75194
921013,1629,78883
921013,1629,78628
921013,1629,66325
921013,1629,38974
921013,1629,53667
921013,1629,74808
921013,1629,84935
921013,1629,51934
921013,1629,86130
921013,1629,75424
921013,1629,27219
921013,1629,68204
921013,1629,32384
921013,1629,59359
921013,1629,69097
921013,1629,71700
921013,1629,50604
921013,1629,59170
921013,1629,61547
921013,1629,84693
921013,1629,80574
921013,1629,54630
921013,1629,52720
921013,1629,34674
921013,1629,52397
921013,1629,75445
921013,1629,26120
921013,1629,38896
921013,1629,84473
921013,1629,38790
921013,1629,50274
921013,1629,78719
921013,1629,68869
921013,1629,41241
921013,1629,31272
921013,1629,81705
921013,1629,26059
921013,1629,36093
921013,1629,43570
921013,1629,35903
921013,1629,79949
921013,1629,63013
921013,1629,40464
921013,1629,63724
921013,1629,32021
921013,1629,34966
921013,1629,57958
921013,1629,42456
921013,1629,54860
921013,1629,41001
921013,1629,79073
921013,1629,62969
921013,1629,82973
921013,1629,43377
921013,1629,67675
921013,1629,51770
921013,1629,41764
921013,1629,50265
921013,1629,58871
921013,1629,74346
921013,1629,35760
921013,1629,71308
921013,1629,48841
921013,1629,37924
921013,1629,36086
921013,1629,28978
921013,1629,33062
921013,1629,58483
921013,1629,85351
921013,1629,77757
921013,1629,55620
921013,1629,40998
921013,1629,41815
921013,1629,39259
921013,1629,66343
921013,1629,80310
921013,1629,71320
921013,1629,30477
921013,1629,35517
921013,1629,47099
921013,1629,57864
921013,1629,41738
921013,1629,48278
921013,1629,63889
921013,1629,62797
921013,1629,73602
921013,1629,85839
921013,1629,29677
921013,1629,36319
921013,1629,76037
921013,1629,45636
921013,1629,62305
921013,1629,74862
921013,1629,46867
921013,1629,47932
921013,1629,67579
921013,1629,42115
921013,1629,79794
921013,1629,49536
921013,1629,39397
921013,1629,72238
921013,1629,72172
921013,1629,47079
921013,1629,83822
921013,1629,84879
921013,1629,85820
921013,1629,50884
921013,1629,78232
921013,1629,59950
921013,1629,41592
921013,1629,39342
921013,1629,66499
921013,1629,73900
921013,1629,86115
921013,1629,77123
921013,1629,77857
921013,1629,26026
921013,1629,37841
921013,1629,57367
921013,1629,69862
921013,1629,34492
921013,1629,45245
921013,1629,69824
921013,1629,70391
921013,1629,78199
921013,1629,31130
921013,1629,31606
921013,1629,56990
921013,1629,25652
921013,1629,36656
921013,1629,26223
921013,1629,35811
921013,1629,36182
921013,1629,54365
921013,1629,55782
921013,1629,42457
921013,1629,60219
921013,1629,28727
921013,1629,30926
921013,1629,81587
921013,1629,41381
921013,1629,74141
921013,1629,55510
921013,1629,65018
921013,1629,31961
921013,1629,26892
921013,1629,62348
921013,1629,51648
921013,1629,60530
921013,1629,37013
921013,1629,60575
921013,1629,82365
921013,1629,59675
921013,1629,50212
921013,1629,44089
921013,1629,64469
921013,1629,74308
921013,1629,75154
921013,1629,29342
921013,1629,46232
921013,1629,73509
921013,1629,43396
921013,1629,69020
921013,1629,63014
921013,1629,33367
921013,1629,28009
921013,1629,84068
921013,1629,27300
921013,1629,64035
921013,1629,50321
921013,1629,82370
921013,1629,74621
921013,1629,48514
921013,1629,33752
921013,1629,33815
921013,1629,62979
921013,1629,50824
921013,1629,33856
921013,1629,60375
921013,1629,34596
921013,1629,82962
921013,1629,37235
921013,1629,25784
921013,1629,38568
921013,1629,48181
921013,1629,50454
921013,1629,73110
921013,1629,62830
921013,1629,28985
921013,1629,52097
921013,1629,78398
921013,1629,26603
921013,1629,60688
921013,1629,42822
921013,1629,67166
921013,1629,46343
921013,1629,46409
921013,1629,25242
921013,1629,51746
921013,1629,35939
921013,1629,77080
921013,1629,74531
921013,1629,68211
921013,1629,45814
921013,1629,80985
921013,1629,67732
921013,1629,42855
921013,1629,80624
921013,1629,56590
921013,1629,43045
921013,1629,43616
921013,1629,48614
921013,1629,49978
921013,1629,42092
921013,1629,56041
921013,1629,62468
921013,1629,56705
921013,1629,52015
921013,1629,35407
921013,1629,30849
921013,1629,46846
921013,1629,86181
921013,1629,85367
921013,1629,70342
921013,1629,85584
921013,1629,40724
921013,1629,79341
921013,1629,56223
921013,1629,74780
921013,1629,76535
921013,1629,71592
921013,1629,37490
921013,1629,50541
921013,1629,71820
921013,1629,79986
921013,1629,36307
921013,1629,40499
921013,1629,73216
921013,1629,65446
921013,1629,80316
921013,1629,41798
921013,1629,76711
921013,1629,26433
921013,1629,67706
921013,1629,62660
921013,1629,80946
921013,1629,69633
921013,1629,29760
921013,1629,48538
921013,1629,75421
921013,1629,56966
921013,1629,29784
921013,1629,39491
921013,1629,38420
921013,1629,71257
921013,1629,76327
921013,1629,64002
921013,1629,50277
921013,1629,76646
921013,1629,50421
921013,1629,52890
921013,1629,61246
921013,1629,59454
921013,1629,54130
921013,1629,51261
921013,1629,45063
921013,1629,83151
921013,1629,31397
921013,1629,54723
921013,1629,43649
921013,1629,76575
921013,1629,63014
921013,1629,43666
921013,1629,44791
921013,1629,56300
921013,1629,84642
921013,1629,73267
921013,1629,36899
921013,1629,47383
921013,1629,78447
921013,1629,50438
921013,1629,64653
921013,1629,76528
921013,1629,85118
921013,1629,51386
921013,1629,37997
921013,1629,59412
921013,1629,83060
921013,1629,58901
921013,1629,40478
921013,1629,83803
921013,1629,50927
921013,1629,40660
921013,1629,69228
921013,1629,64194
921013,1629,53473
921013,1629,55729
921013,1629,58265
921013,1629,47983
921013,1629,51313
921013,1629,77025
921013,1629,57492
921013,1629,75411
921013,1629,47895
921013,1629,51280
921013,1629,44253
921013,1629,83906
921013,1629,72403
921013,1629,61036
921013,1629,80998
921013,1629,46207
921013,1629,25375
921013,1629,84963
921013,1629,80919
921013,1629,34364
921013,1629,41087
921013,1629,48661
921013,1629,71145
921013,1629,32372
921013,1629,62993
921013,1629,80199
921013,1629,34656
921013,1629,32197
921013,1629,66648
921013,1629,53656
921013,1629,57844
921013,1629,65217
921013,1629,59726
921013,1629,77532
921013,1629,72457
921013,1629,50183
921013,1629,49287
921013,1629,57348
921013,1629,35230
921013,1629,75574
921013,1629,36196
921013,1629,37091
921013,1629,34446
921013,1629,81458
921013,1629,29517
921013,1629,59677
921013,1629,47237
921013,1629,51715
921013,1629,52988
921013,1629,40741
921013,1629,37591
921013,1629,39188
921013,1629,55336
921013,1629,35740
921013,1629,64421
921013,1629,51816
921013,1629,60344
921013,1629,77284
921013,1629,77130
921013,1629,35453
921013,1629,35963
921013,1629,36506
921013,1629,65796
921013,1629,27909
921013,1629,73334
921013,1629,74953
921013,1629,83148
921013,1629,59232
921013,1629,79147
921013,1629,56905
921013,1629,84268
921013,1629,60779
921013,1629,35704
921013,1629,39968
921013,1629,60975
921013,1629,47601
921013,1629,45575
921013,1629,66967
921013,1629,42306
921013,1629,74063
921013,1629,46965
921013,1629,60208
921013,1629,66079
921013,1629,73223
921013,1629,62970
921013,1629,52564
921013,1629,34192
921013,1629,43676
921013,1629,65999
921013,1629,45283
921013,1629,68368
921013,1629,27435
921013,1629,64586
921013,1629,85301
921013,1629,77305
921013,1629,56302
921013,1629,73357
921013,1629,50578
921013,1629,86242
921013,1629,46656
921013,1629,25735
921013,1629,54126
921013,1629,81756
921013,1629,30843
921013,1629,27355
921013,1629,60793
921013,1629,39543
921013,1629,60463
921013,1629,36370
921013,1629,82326
921013,1629,70710
921013,1629,30524
921013,1629,76074
921013,1629,37369
921013,1629,36064
921013,1629,40419
921013,1629,59308
921013,1629,29581
921013,1629,68669
921013,1629,56998
921013,1629,76246
921013,1629,59507
921013,1629,46668
921013,1629,41075
921013,1629,69789
921013,1629,28044
921013,1629,44870
921013,1629,74815
921013,1629,54407
921013,1629,75309
921013,1629,82530
921013,1629,68178
921013,1629,65402
921013,1629,55005
921013,1629,66634
921013,1629,75588
921013,1629,48643
921013,1629,41458
921013,1629,68727
921013,1629,26336
921013,1629,65199
921013,1629,64501
921013,1629,80934
921013,1629,46307
921013,1629,31291
921013,1629,50296
921013,1629,84188
921013,1629,57810
921013,1629,32442
921013,1629,47934
921013,1629,63625
921013,1629,52832
921013,1629,54338
921013,1629,73165
921013,1629,49845
921013,1629,40849
921013,1629,28585
921013,1629,33840
921013,1629,55158
921013,1629,65154
921013,1629,85020
921013,1629,83615
921013,1629,49050
921013,1629,76629
921013,1629,58791
921013,1629,49553
921013,1629,28495
921013,1629,25531
921013,1629,54440
921013,1629,55897
921013,1629,69442
921013,1629,62711
921013,1629,74411
921013,1629,75222
921013,1629,79770
921013,1629,85341
921013,1629,27569
921013,1629,73275
921013,1629,54675
921013,1629,67698
921013,1629,75148
921013,1629,78992
921013,1629,77563
921013,1629,39066
921013,1629,83061
921013,1629,75676
921013,1629,82152
921013,1629,40054
921013,1629,71131
921013,1629,78244
921013,1629,26245
921013,1629,36933
921013,1629,77804
921013,1629,86123
921013,1629,35541
921013,1629,50325
921013,1629,57888
921013,1629,53815
921013,1629,38826
921013,1629,74548
921013,1629,29386
921013,1629,50052
921013,1629,83553
921013,1629,85819
921013,1629,35302
921013,1629,41116
921013,1629,55747
921013,1629,33639
921013,1629,85388
921013,1629,44630
921013,1629,80193
921013,1629,42443
921013,1629,34741
921013,1629,80309
921013,1629,43297
921013,1629,58545
921013,1629,73699
921013,1629,62780
921013,1629,65539
921013,1629,60600
921013,1629,51682
921013,1629,40429
921013,1629,55456
921013,1629,78256
921013,1629,85105
921013,1629,39785
921013,1629,39792
921013,1629,81802
921013,1629,75394
921013,1629,32766
921013,1629,42019
921013,1629,67297
921013,1629,53467
921013,1629,72183
921013,1629,84662
921013,1629,49626
921013,1629,27025
921013,1629,41038
921013,1629,85424
921013,1629,70847
921013,1629,63453
921013,1629,49036
921013,1629,52702
921013,1629,60124
921013,1629,82394
921013,1629,55589
921013,1629,66282
921013,1629,36283
921013,1629,26472
921013,1629,44692
921013,1629,66709
921013,1629,73761
921013,1629,76358
921013,1629,72185
921013,1629,26886
921013,1629,85259
921013,1629,84310
921013,1629,31893
921013,1629,51720
921013,1629,32982
921013,1629,82759
921013,1629,28051
921013,1629,31761
921013,1629,39838
921013,1629,52384
921013,1629,72107
921013,1629,40247
921013,1629,65408
921013,1629,31989
921013,1629,79056
921013,1629,77446
921013,1629,83439
921013,1629,81406
921013,1629,32211
921013,1629,57264
921013,1629,42115
921013,1629,76162
921013,1629,73110
921013,1629,29164
921013,1629,45916
921013,1629,73290
921013,1629,67020
921013,1629,74862
921013,1629,61607
921013,1629,32566
921013,1629,33947
921013,1629,85851
921013,1629,47717
921013,1629,64108
921013,1629,28423
921013,1629,50450
921013,1629,46949
921013,1629,39253
921013,1629,25757
921013,1629,54233
921013,1629,25603
921013,1629,39971
921013,1629,74444
921013,1629,49443
921013,1629,78928
921013,1629,62924
921013,1629,28655
921013,1629,85544
921013,1629,60280
921013,1629,41212
921013,1629,82474
921013,1629,59708
921013,1629,80467
921013,1629,61207
921013,1629,30192
921013,1629,85776
921013,1629,43340
921013,1629,83619
921013,1629,52328
921013,1629,64285
921013,1629,68238
921013,1629,80048
921013,1629,78641
921013,1629,62853
921013,1629,75430
921013,1629,30406
921013,1629,27198
921013,1629,56880
921013,1629,53234
921013,1629,77316
921013,1629,79965
921013,1629,85679
921013,1629,48376
921013,1629,75545
921013,1629,61408
921013,1629,71469
921013,1629,66787
921013,1629,79442
921013,1629,47135
921013,1629,35867
921013,1629,50998
921013,1629,78866
921013,1629,80217
921013,1629,43826
921013,1629,40417
921013,1629,26381
921013,1629,30893
921013,1629,26943
921013,1629,49418
921013,1629,70436
921013,1629,77353
921013,1629,50022
921013,1629,52330
921013,1629,46467
921013,1629,69877
921013,1629,83551
921013,1629,43249
921013,1629,46214
921013,1629,63704
921013,1629,43432
921013,1629,29407
921013,1629,62723
921013,1629,35316
921013,1629,27688
921013,1629,47275
921013,1629,27746
921013,1629,76614
921013,1629,50431
921013,1629,37044
921013,1629,48870
921013,1629,50539
921013,1629,64948
921013,1629,32041
921013,1629,27615
921013,1629,31003
921013,1629,63730
921013,1629,51006
921013,1629,56430
921013,1629,54833
921013,1629,81912
921013,1629,60447
921013,1629,79083
921013,1629,38149
921013,1629,41381
921013,1629,54662
921013,1629,45233
921013,1629,84156
921013,1629,70651
921013,1629,80485
921013,1629,52411
921013,1629,61022
921013,1629,73978
921013,1629,62106
921013,1629,78559
921013,1629,65766
921013,1629,55557
921013,1629,33599
921013,1629,69356
921013,1629,44623
921013,1629,35382
921013,1629,55873
921013,1629,48389
921013,1629,76934
921013,1629,61563
921013,1629,78795
921013,1629,36832
921013,1629,86153
921013,1629,48850
921013,1629,60428
921013,1629,40836
921013,1629,38067
921013,1629,35632
921013,1629,32995
921013,1629,70171
921013,1629,69673
921013,1629,81131
921013,1629,65204
921013,1629,77274
921013,1629,81126
921013,1629,79923
921013,1629,57127
921013,1629,70423
921013,1629,81474
921013,1629,61288
921013,1629,57912
921013,1629,33872
921013,1629,75572
921013,1629,30004
921013,1629,51509
921013,1629,74623
921013,1629,76197
921013,1629,83553
921013,1629,25432
921013,1629,28206
921013,1629,34944
921013,1629,37101
921013,1629,38094
921013,1629,75285
921013,1629,74220
921013,1629,65284
921013,1629,56266
921013,1629,82149
921013,1629,70232
921013,1629,62675
921013,1629,26384
921013,1629,25370
921013,1629,28198
921013,1629,29947
921013,1629,60767
921013,1629,79098
921013,1629,67208
921013,1629,62496
921013,1629,66331
921013,1629,59368
921013,1629,51773
921013,1629,44534
921013,1629,75994
921013,1629,66849
921013,1629,28472
921013,1629,36707
921013,1629,64452
921013,1629,64380
921013,1629,57567
921013,1629,43486
921013,1629,57693
921013,1629,47951
921013,1629,65394
921013,1629,86307
921013,1629,76479
921013,1629,46976
921013,1629,39997
921013,1629,85142
921013,1629,36648
921013,1629,33821
921013,1629,31157
921013,1629,69610
921013,1629,36166
921013,1629,26508
921013,1629,67396
921013,1629,85996
921013,1629,48592
921013,1629,70050
921013,1629,43926
921013,1629,63137
921013,1629,57197
921013,1629,75875
921013,1629,79848
921013,1629,72674
921013,1629,40940
921013,1629,65871
921013,1629,29244
921013,1629,80201
921013,1629,42988
921013,1629,85996
921013,1629,27247
921013,1629,75440
921013,1629,55809
921013,1629,80941
921013,1629,51754
921013,1629,40129
921013,1629,70346
921013,1629,48183
921013,1629,77717
921013,1629,53910
921013,1629,78076
921013,1629,85939
921013,1629,73730
921013,1629,73609
921013,1629,81426
921013,1629,86114
921013,1629,45553
921013,1629,80436
921013,1629,42220
921013,1629,31072
921013,1629,48513
921013,1629,25371
921013,1629,71990
921013,1629,30983
921013,1629,48875
921013,1629,72885
921013,1629,36948
921013,1629,47103
921013,1629,83097
921013,1629,36158
921013,1629,65102
921013,1629,62927
921013,1629,41788
921013,1629,46778
921013,1629,65883
921013,1629,31654
921013,1629,49277
921013,1629,59593
921013,1629,57901
921013,1629,60994
921013,1629,83953
921013,1629,38497
921013,1629,53063
921013,1629,29463
921013,1629,85357
921013,1629,84193
921013,1629,61526
921013,1629,43530
921013,1629,74142
921013,1629,33145
921013,1629,58575
921013,1629,80194
921013,1629,29323
921013,1629,67583
921013,1629,68021
921013,1629,63432
921013,1629,85150
921013,1629,70451
921013,1629,43566
921013,1629,30935
921013,1629,63601
921013,1629,34835
921013,1629,72660
921013,1629,79841
921013,1629,36873
921013,1629,70373
921013,1629,28890
921013,1629,48549
921013,1629,79364
921013,1629,82754
921013,1629,66010
921013,1629,34708
921013,1629,56103
921013,1629,58471
921013,1629,60103
921013,1629,50237
921013,1629,60522
921013,1629,63967
921013,1629,63361
921013,1629,73906
921013,1629,41360
921013,1629,44707
921013,1629,31489
921013,1629,35045
921013,1629,45445
921013,1629,59504
921013,1629,69043
921013,1629,77514
921013,1629,41033
921013,1629,85890
921013,1629,48484
921013,1629,53508
921013,1629,85496
921013,1629,35440
921013,1629,61512
921013,1629,29749
921013,1629,45483
921013,1629,63023
921013,1629,75398
921013,1629,48585
921013,1629,68277
921013,1629,53328
921013,1629,59776
921013,1629,67387
921013,1629,49961
921013,1629,26781
921013,1629,50383
921013,1629,43515
921013,1629,27402
921013,1629,51960
921013,1629,59466
921013,1629,63562
921013,1629,73178
921013,1629,40189
921013,1629,35714
921013,1629,66592
921013,1629,37729
921013,1629,51022
921013,1629,48021
921013,1629,49315
921013,1629,78751
921013,1629,41190
921013,1629,84317
921013,1629,81420
921013,1629,28612
921013,1629,36000
921013,1629,25838
921013,1629,48355
921013,1629,55471
921013,1629,41438
921013,1629,34994
921013,1629,45808
921013,1629,59083
921013,1629,84798
921013,1629,75247
921013,1629,45726
921013,1629,75149
921013,1629,70668
921013,1629,38791
921013,1629,60678
921013,1629,48627
921013,1629,57624
921013,1629,69813
921013,1629,33475
921013,1629,54670
921013,1629,42655
921013,1629,65666
921013,1629,56034
921013,1629,27459
921013,1629,84081
921013,1629,79541
921013,1629,27544
921013,1629,47331
921013,1629,47873
921013,1629,40879
921013,1629,38003
921013,1629,27089
921013,1629,29498
921013,1629,68824
921013,1629,57149
921013,1629,33460
921013,1629,58176
921013,1629,69158
921013,1629,33501
921013,1629,26851
921013,1629,29044
921013,1629,79543
921013,1629,86379
921013,1629,68212
921013,1629,68629
921013,1629,79774
921013,1629,26985
921013,1629,56525
921013,1629,73858
921013,1629,58977
921013,1629,69494
921013,1629,73624
921013,1629,29627
921013,1629,28289
921013,1629,82485
921013,1629,33821
921013,1629,64111
921013,1629,84134
921013,1629,39076
921013,1629,26445
921013,1629,67221
921013,1629,70785
921013,1629,43217
921013,1629,51814
921013,1629,76538
921013,1629,49679
921013,1629,56437
921013,1629,80478
921013,1629,69040
921013,1629,83627
921013,1629,82800
921013,1629,36801
921013,1629,50095
921013,1629,48088
921013,1629,40115
921013,1629,76689
921013,1629,51920
921013,1629,43897
921013,1629,80381
921013,1629,64452
921013,1629,77378
921013,1629,82342
921013,1629,79243
921013,1629,77002
921013,1629,39908
921013,1629,36900
921013,1629,64614
921013,1629,70958
921013,1629,36009
921013,1629,45016
921013,1629,52433
921013,1629,62814
921013,1629,53654
921013,1629,38171
921013,1629,50240
921013,1629,46569
921013,1629,54108
921013,1629,72894
921013,1629,51924
921013,1629,60461
921013,1629,78251
921013,1629,77168
921013,1629,37926
921013,1629,46376
921013,1629,33107
921013,1629,73286
921013,1629,51814
921013,1629,52997
921013,1629,33222
921013,1629,37329
921013,1629,63964
921013,1629,74009
921013,1629,82930
921013,1629,34077
921013,1629,70087
921013,1629,36284
921013,1629,44896
921013,1629,53071
921013,1629,66449
921013,1629,45512
921013,1629,31523
921013,1629,42346
921013,1629,64555
921013,1629,77751
921013,1629,77252
921013,1629,51975
921013,1629,59253
921013,1629,85177
921013,1629,76795
921013,1629,67351
921013,1629,56271
921013,1629,54033
921013,1629,58662
921013,1629,74582
921013,1629,40504
921013,1629,45045
921013,1629,58221
921013,1629,66501
921013,1629,68871
921013,1629,74490
921013,1629,33218
921013,1629,52975
921013,1629,78177
921013,1629,35914
921013,1629,63765
921013,1629,29928
921013,1629,83500
921013,1629,66111
921013,1629,34794
921013,1629,41578
921013,1629,35327
921013,1629,57383
921013,1629,81085
921013,1629,70642
921013,1629,83677
921013,1629,60642
921013,1629,52794
921013,1629,41295
921013,1629,50129
921013,1629,56769
921013,1629,49179
921013,1629,34834
921013,1629,68192
921013,1629,48704
921013,1629,58577
921013,1629,68260
921013,1629,74361
921013,1629,49439
921013,1629,60773
921013,1629,31009
921013,1629,50886
921013,1629,40460
921013,1629,74558
921013,1629,82056
921013,1629,65100
921013,1629,47107
921013,1629,51612
921013,1629,74212
921013,1629,40082
921013,1629,65305
921013,1629,56822
921013,1629,32818
921013,1629,68709
921013,1629,72303
921013,1629,59904
921013,1629,55326
921013,1629,83872
921013,1629,36323
921013,1629,56061
921013,1629,28938
921013,1629,75826
921013,1629,51710
921013,1629,33289
921013,1629,75768
921013,1629,73294
921013,1629,61360
921013,1629,35632
921013,1629,80206
921013,1629,25534
921013,1629,41220
921013,1629,73354
921013,1629,34971
921013,1629,28710
921013,1629,41097
921013,1629,49476
921013,1629,53891
921013,1629,71567
921013,1629,55314
921013,1629,29564
921013,1629,51048
921013,1629,73444
921013,1629,57023
921013,1629,65958
921013,1629,34047
921013,1629,75657
921013,1629,44654
921013,1629,47756
921013,1629,83928
921013,1629,47059
921013,1629,29095
921013,1629,62628
921013,1629,46106
921013,1629,79321
921013,1629,83069
921013,1629,56833
921013,1629,78060
921013,1629,31775
921013,1629,69537
921013,1629,63309
921013,1629,67174
921013,1629,70571
921013,1629,50956
921013,1629,30390
921013,1629,61650
921013,1629,42853
921013,1629,64662
921013,1629,40157
921013,1629,53674
921013,1629,38412
921013,1629,45225
921013,1629,70191
921013,1629,28909
921013,1629,73710
921013,1629,34259
921013,1629,73670
921013,1629,81969
921013,1629,84220
921013,1629,71138
921013,1629,57683
921013,1629,34671
921013,1629,52258
921013,1629,82931
921013,1629,30184
921013,1629,55254
921013,1629,53530
921013,1629,70334
921013,1629,43864
921013,1629,25616
921013,1629,69156
921013,1629,47344
921013,1629,74358
921013,1629,67848
921013,1629,53904
921013,1629,85108
921013,1629,52686
921013,1629,77059
921013,1629,40157
921013,1629,59639
921013,1629,68478
921013,1629,45903
921013,1629,75250
921013,1629,82207
921013,1629,44646
921013,1629,64263
921013,1629,57339
921013,1629,77620
921013,1629,45691
921013,1629,38566
921013,1629,27752
921013,1629,25301
921013,1629,77638
921013,1629,70092
921013,1629,52720
921013,1629,35860
921013,1629,47659
921013,1629,81001
921013,1629,70617
921013,1629,69407
921013,1629,26697
921013,1629,37920
921013,1629,64454
921013,1629,38994
921013,1629,79739
921013,1629,47379
921013,1629,58947
921013,1629,49083
921013,1629,28176
921013,1629,65822
921013,1629,63059
921013,1629,30896
921013,1629,47843
921013,1629,78211
921013,1629,61471
921013,1629,32589
921013,1629,51966
921013,1629,34870
921013,1629,66932
921013,1629,51092
921013,1629,44970
921013,1629,35707
921013,1629,33848
921013,1629,84015
921013,1629,70806
921013,1629,73674
921013,1629,70050
921013,1629,75611
921013,1629,56413
921013,1629,25862
921013,1629,35162
921013,1629,48605
921013,1629,39708
921013,1629,69780
921013,1629,59909
921013,1629,36815
921013,1629,57914
921013,1629,39575
921013,1629,61561
921013,1629,60735
921013,1629,59837
921013,1629,28102
921013,1629,27880
921013,1629,59704
921013,1629,86151
921013,1629,73897
921013,1629,51774
921013,1629,86289
921013,1629,54140
921013,1629,77821
921013,1629,41720
921013,1629,49940
921013,1629,81546
921013,1629,50767
921013,1629,71509
921013,1629,41890
921013,1629,44091
921013,1629,37753
921013,1629,45533
921013,1629,25826
921013,1629,30549
921013,1629,60485
921013,1629,59337
921013,1629,48977
921013,1629,52590
921013,1629,52735
921013,1629,75964
921013,1629,66425
921013,1629,68848
921013,1629,44960
921013,1629,54146
921013,1629,38277
921013,1629,71272
921013,1629,67038
921013,1629,58153
921013,1629,68295
921013,1629,59203
921013,1629,76609
921013,1629,38611
921013,1629,31926
921013,1629,53403
921013,1629,50711
921013,1629,29862
921013,1629,53772
921013,1629,50570
921013,1629,81401
921013,1629,52718
921013,1629,29990
921013,1629,29328
921013,1629,25386
921013,1629,59617
921013,1629,80625
921013,1629,38378
921013,1629,61433
921013,1629,44100
921013,1629,28049
921013,1629,46744
921013,1629,37587
921013,1629,32651
921013,1629,61867
921013,1629,65681
921013,1629,35423
921013,1629,37117
921013,1629,76960
921013,1629,39419
921013,1629,81497
921013,1629,46964
921013,1629,36151
921013,1629,58268
921013,1629,85787
921013,1629,38564
921013,1629,55910
921013,1629,81966
921013,1629,34746
921013,1629,62972
921013,1629,64910
921013,1629,67317
921013,1629,36758
921013,1629,60371
921013,1629,66430
921013,1629,70690
921013,1629,42810
921013,1629,63896
921013,1629,43461
921013,1629,57872
921013,1629,57272
921013,1629,75106
921013,1629,25222
921013,1629,30549
921013,1629,50974
921013,1629,84786
921013,1629,41839
921013,1629,61118
921013,1629,61863
921013,1629,85584
921013,1629,53208
921013,1629,69599
921013,1629,77034
921013,1629,77599
921013,1629,65417
921013,1629,49564
921013,1629,38996
921013,1629,75693
921013,1629,49162
921013,1629,58460
921013,1629,45955
921013,1629,66025
921013,1629,31276
921013,1629,55123
921013,1629,82059
921013,1629,35648
921013,1629,81415
921013,1629,72643
921013,1629,48817
921013,1629,28732
921013,1629,29026
921013,1629,74344
921013,1629,50129
921013,1629,70830
921013,1629,44890
921013,1629,47793
921013,1629,43572
921013,1629,45347
921013,1629,38261
921013,1629,78239
921013,1629,48790
921013,1629,43550
921013,1629,39659
921013,1629,42188
921013,1629,76544
921013,1629,30335
921013,1629,60507
921013,1629,85800
921013,1629,65219
921013,1629,55044
921013,1629,25283
921013,1629,43771
921013,1629,26731
921013,1629,72153
921013,1629,32385
921013,1629,31359
921013,1629,82128
921013,1629,68962
921013,1629,70947
921013,1629,47985
921013,1629,37678
921013,1629,81218
921013,1629,35270
921013,1629,81414
921013,1629,68462
921013,1629,77242
921013,1629,41150
921013,1629,83325
921013,1629,64120
921013,1629,45242
921013,1629,73256
921013,1629,47050
921013,1629,45070
921013,1629,79227
921013,1629,36696
921013,1629,79674
921013,1629,30482
921013,1629,84177
921013,1629,53496
921013,1629,49323
921013,1629,77530
921013,1629,77047
921013,1629,30521
921013,1629,85419
921013,1629,48967
921013,1629,66837
921013,1629,68799
921013,1629,81843
921013,1629,42094
921013,1629,68334
921013,1629,26773
921013,1629,77695
921013,1629,76625
921013,1629,29790
921013,1629,26310
921013,1629,76192
921013,1629,68153
921013,1629,31853
921013,1629,57341
921013,1629,40809
921013,1629,46107
921013,1629,61380
921013,1629,59236
921013,1629,40366
921013,1629,54678
921013,1629,77279
921013,1629,60370
921013,1629,65926
921013,1629,63723
921013,1629,31867
921013,1629,57861
921013,1629,30340
921013,1629,51660
921013,1629,37849
921013,1629,52088
921013,1629,65256
921013,1629,71816
921013,1629,69069
921013,1629,52329
921013,1629,42022
921013,1629,38323
921013,1629,63705
921013,1629,58155
921013,1629,53277
921013,1629,45297
921013,1629,34729
921013,1629,31973
921013,1629,71975
921013,1629,44017
921013,1629,42410
921013,1629,30200
921013,1629,69707
921013,1629,31791
921013,1629,69347
921013,1629,39096
921013,1629,28631
921013,1629,52365
921013,1629,73677
921013,1629,38454
921013,1629,50854
921013,1629,33678
921013,1629,40063
921013,1629,61416
921013,1629,51550
921013,1629,47753
921013,1629,66814
921013,1629,26720
921013,1629,42026
921013,1629,79722
921013,1629,38030
921013,1629,28513
921013,1629,52235
921013,1629,51997
921013,1629,25850
921013,1629,81981
921013,1629,72357
921013,1629,73313
921013,1629,66980
921013,1629,73941
921013,1629,31532
921013,1629,44315
921013,1629,70738
921013,1629,72205
921013,1629,34630
921013,1629,52301
921013,1629,49185
921013,1629,50912
921013,1629,47418
921013,1629,67321
921013,1629,80793
921013,1629,33251
921013,1629,80191
921013,1629,54442
921013,1629,44773
921013,1629,65007
921013,1629,71469
921013,1629,26721
921013,1629,66778
921013,1629,76896
921013,1629,41647
921013,1629,57276
921013,1629,85969
921013,1629,73222
921013,1629,61572
921013,1629,48622
921013,1629,75366
921013,1629,36278
921013,1629,55877
921013,1629,30252
921013,1629,43811
921013,1629,29874
921013,1629,75116
921013,1629,62612
921013,1629,58719
921013,1629,64327
921013,1629,76689
921013,1629,74384
921013,1629,76092
921013,1629,41584
921013,1629,54089
921013,1629,59445
921013,1629,86269
921013,1629,30033
921013,1629,86164
921013,1629,43718
921013,1629,32144
921013,1629,31916
921013,1629,31257
921013,1629,71690
921013,1629,48444
921013,1629,51380
921013,1629,71106
921013,1629,73095
921013,1629,60466
921013,1629,79771
921013,1629,50440
921013,1629,47400
921013,1629,26076
921013,1629,53916
921013,1629,36705
921013,1629,75348
921013,1629,78372
921013,1629,37003
921013,1629,41419
921013,1629,59078
921013,1629,27547
921013,1629,68487
921013,1629,83599
921013,1629,26137
921013,1629,33829
921013,1629,62991
921013,1629,26812
921013,1629,63790
921013,1629,73043
921013,1629,63862
921013,1629,47841
921013,1629,78793
921013,1629,59862
921013,1629,84538
921013,1629,55382
921013,1629,68749
921013,1629,86048
921013,1629,36617
921013,1629,49127
921013,1629,76426
921013,1629,35278
921013,1629,27520
921013,1629,70852
921013,1629,82919
921013,1629,37917
921013,1629,58050
921013,1629,36716
921013,1629,76586
921013,1629,58188
921013,1629,44099
921013,1629,63000
921013,1629,78755
921013,1629,66403
921013,1629,81333
921013,1629,26023
921013,1629,64408
921013,1629,60736
921013,1629,53145
921013,1629,37638
921013,1629,81874
921013,1629,33219
921013,1629,55645
921013,1629,41962
921013,1629,35320
921013,1629,56436
921013,1629,68726
921013,1629,85021
921013,1629,56135
921013,1629,85306
921013,1629,77468
921013,1629,66073
921013,1629,86333
921013,1629,44754
921013,1629,34953
921013,1629,72981
921013,1629,47362
921013,1629,50280
921013,1629,30363
921013,1629,32933
921013,1629,67702
921013,1629,68989
921013,1629,62630
921013,1629,26238
921013,1629,55830
921013,1629,45905
921013,1629,29271
921013,1629,62733
921013,1629,51785
921013,1629,40614
921013,1629,70337
921013,1629,82343
921013,1629,80769
921013,1629,38919
921013,1629,40945
921013,1629,47079
921013,1629,79317
921013,1629,37703
921013,1629,57875
921013,1629,35161
921013,1629,58126
921013,1629,39561
921013,1629,54151
921013,1629,44142
921013,1629,60187
921013,1629,25430
921013,1629,69886
921013,1629,68409
921013,1629,47242
921013,1629,70203
921013,1629,68819
921013,1629,81655
921013,1629,49990
921013,1629,58295
921013,1629,78946
921013,1629,74657
921013,1629,82606
921013,1629,49192
921013,1629,53749
921013,1629,76595
921013,1629,84803
921013,1629,69979
921013,1629,25331
921013,1629,57028
921013,1629,51008
921013,1629,79593
921013,1629,80761
921013,1629,83083
921013,1629,45332
921013,1629,36031
921013,1629,57263
921013,1629,36186
921013,1629,70255
921013,1629,33123
921013,1629,55964
921013,1629,54583
921013,1629,25846
921013,1629,56147
921013,1629,67643
921013,1629,58700
921013,1629,60794
921013,1629,46196
921013,1629,30875
921013,1629,51023
921013,1629,31648
921013,1629,70999
921013,1629,84655
921013,1629,31461
921013,1629,65932
921013,1629,67029
921013,1629,43375
921013,1629,78574
921013,1629,62453
921013,1629,55997
921013,1629,71577
921013,1629,80673
921013,1629,73194
921013,1629,28684
921013,1629,77556
921013,1629,73911
921013,1629,85379
921013,1629,74562
921013,1629,41711
921013,1629,25809
921013,1629,54602
921013,1629,74077
921013,1629,40651
921013,1629,59706
921013,1629,27031
921013,1629,63071
921013,1629,49631
921013,1629,54842
921013,1629,74568
921013,1629,52966
921013,1629,42877
921013,1629,76401
921013,1629,51263
921013,1629,72733
921013,1629,69594
921013,1629,68974
921013,1629,37285
921013,1629,60881
921013,1629,70157
921013,1629,47641
921013,1629,83771
921013,1629,58022
921013,1629,80479
921013,1629,69228
921013,1629,28963
921013,1629,75234
921013,1629,49342
921013,1629,55596
921013,1629,50924
921013,1629,37219
921013,1629,74231
921013,1629,74807
921013,1629,35315
921013,1629,77927
921013,1629,28587
921013,1629,53718
921013,1629,64112
921013,1629,74387
921013,1629,56668
921013,1629,55217
921013,1629,53429
921013,1629,45395
921013,1629,69464
921013,1629,48942
921013,1629,52429
921013,1629,55674
921013,1629,45975
921013,1629,50124
921013,1629,45745
921013,1629,66361
921013,1629,51666
921013,1629,49664
921013,1629,79321
921013,1629,32629
921013,1629,28214
921013,1629,49567
921013,1629,30814
921013,1629,49719
921013,1629,79653
921013,1629,26827
921013,1629,83108
921013,1629,52762
921013,1629,38581
921013,1629,74037
921013,1629,81238
921013,1629,29802
921013,1629,37070
921013,1629,55334
921013,1629,47166
921013,1629,72578
921013,1629,85425
921013,1629,47069
921013,1629,43399
921013,1629,43201
921013,1629,26142
921013,1629,68297
921013,1629,28616
921013,1629,27005
921013,1629,52492
921013,1629,33667
921013,1629,63195
921013,1629,60987
921013,1629,26882
921013,1629,79439
921013,1629,82143
921013,1629,26362
921013,1629,46652
921013,1629,67455
921013,1629,32024
921013,1629,65071
921013,1629,75487
921013,1629,42259
921013,1629,26323
921013,1629,44466
921013,1629,85418
921013,1629,79780
921013,1629,67149
921013,1629,35884
921013,1629,59686
921013,1629,64250
921013,1629,79762
921013,1629,41561
921013,1629,40165
921013,1629,63428
921013,1629,74700
921013,1629,31248
921013,1629,33261
921013,1629,55051
921013,1629,40844
921013,1629,62784
921013,1629,47933
921013,1629,81509
921013,1629,55900
921013,1629,60114
921013,1629,60724
921013,1629,43906
921013,1629,73615
921013,1629,80564
921013,1629,52564
921013,1629,44603
921013,1629,78556
921013,1629,30427
921013,1629,41281
921013,1629,30366
921013,1629,74522
921013,1629,68939
921013,1629,47183
921013,1629,31068
921013,1629,36075
921013,1629,82982
921013,1629,76010
921013,1629,42545
921013,1629,81802
921013,1629,77025
921013,1629,27179
921013,1629,79866
921013,1629,36517
921013,1629,44414
921013,1629,69772
921013,1629,82680
921013,1629,71866
921013,1629,85445
921013,1629,74652
921013,1629,76896
921013,1629,47256
921013,1629,79984
921013,1629,38673
921013,1629,56060
921013,1629,29313
921013,1629,58628
921013,1629,67780
921013,1629,28716
921013,1629,70993
921013,1629,61683
921013,1629,30964
921013,1629,76855
921013,1629,37751
921013,1629,66750
921013,1629,84371
921013,1629,44537
921013,1629,55956
921013,1629,66061
921013,1629,42208
921013,1629,33521
921013,1629,73171
921013,1629,70793
921013,1629,42736
921013,1629,64721
921013,1629,52190
921013,1629,57857
921013,1629,56552
921013,1629,54522
921013,1629,84892
921013,1629,37076
921013,1629,25238
921013,1629,39097
921013,1629,40502
921013,1629,46343
921013,1629,56659
921013,1629,81194
921013,1629,47544
921013,1629,85563
921013,1629,27165
921013,1629,27000
921013,1629,66083
921013,1629,62493
921013,1629,57589
921013,1629,33725
921013,1629,45631
921013,1629,85450
921013,1629,86263
921013,1629,40645
921013,1629,69990
921013,1629,78190
921013,1629,67756
921013,1629,40623
921013,1629,58456
921013,1629,45545
921013,1629,52303
921013,1629,31716
921013,1629,40384
921013,1629,85916
921013,1629,65486
921013,1629,67029
921013,1629,39800
921013,1629,43069
921013,1629,80356
921013,1629,71200
921013,1629,39514
921013,1629,45981
921013,1629,78550
921013,1629,70209
921013,1629,35203
921013,1629,33310
921013,1629,83045
921013,1629,72389
921013,1629,74550
921013,1629,68147
921013,1629,68023
921013,1629,72610
921013,1629,65832
921013,1629,58185
921013,1629,63287
921013,1629,45493
921013,1629,31218
921013,1629,50409
921013,1629,62250
921013,1629,52216
921013,1629,65710
921013,1629,51200
921013,1629,42115
921013,1629,32846
921013,1629,76448
921013,1629,33458
921013,1629,47616
921013,1629,80788
921013,1629,84544
921013,1629,79956
921013,1629,61271
921013,1629,30479
921013,1629,59572
921013,1629,69668
921013,1629,30602
921013,1629,60893
921013,1629,56336
921013,1629,66629
921013,1629,60315
921013,1629,86264
921013,1629,57616
921013,1629,79528
921013,1629,79541
921013,1629,66638
921013,1629,68935
921013,1629,48309
921013,1629,40291
921013,1629,36098
921013,1629,58378
921013,1629,56454
921013,1629,29316
921013,1629,42237
921013,1629,60390
921013,1629,53730
921013,1629,70448
921013,1629,39378
921013,1629,81353
921013,1629,68773
921013,1629,53411
921013,1629,26174
921013,1629,37036
921013,1629,68236
921013,1629,25498
921013,1629,67110
921013,1629,40139
921013,1629,45732
921013,1629,67706
921013,1629,41807
921013,1629,28406
921013,1629,46174
921013,1629,35597
921013,1629,55645
921013,1629,71533
921013,1629,66972
921013,1629,79804
921013,1629,73850
921013,1629,46995
921013,1629,31968
921013,1629,82741
921013,1629,83285
921013,1629,33682
921013,1629,31857
921013,1629,63797
921013,1629,63029
921013,1629,37355
921013,1629,51633
921013,1629,37011
921013,1629,82550
921013,1629,71799
921013,1629,42839
921013,1629,65795
921013,1629,80573
921013,1629,78288
921013,1629,54842
921013,1629,85616
921013,1629,55278
921013,1629,70863
921013,1629,34143
921013,1629,83047
921013,1629,79294
921013,1629,36987
921013,1629,38833
921013,1629,52114
921013,1629,32939
921013,1629,62466
921013,1629,31934
921013,1629,48293
921013,1629,82072
921013,1629,55595
921013,1629,30923
921013,1629,66066
921013,1629,68159
921013,1629,56001
921013,1629,59198
921013,1629,61505
921013,1629,66380
921013,1629,63648
921013,1629,28228
921013,1629,34957
921013,1629,64834
921013,1629,48912
921013,1629,59736
921013,1629,46587
921013,1629,57714
921013,1629,56309
921013,1629,52984
921013,1629,47426
921013,1629,52858
921013,1629,34749
921013,1629,42006
921013,1629,76603
921013,1629,52721
921013,1629,54072
921013,1629,44078
921013,1629,67593
921013,1629,62594
921013,1629,74766
921013,1629,80114
921013,1629,69172
921013,1629,50890
921013,1629,47587
921013,1629,67934
921013,1629,42595
921013,1629,70647
921013,1629,60427
921013,1629,43677
921013,1629,65984
921013,1629,74606
921013,1629,62874
921013,1629,43837
921013,1629,49785
921013,1629,64321
921013,1629,70987
921013,1629,65995
921013,1629,84102
921013,1629,28959
921013,1629,82746
921013,1629,30547
921013,1629,81078
921013,1629,47646
921013,1629,56585
921013,1629,84450
921013,1629,44798
921013,1629,78460
921013,1629,25787
921013,1629,37807
921013,1629,80282
921013,1629,42524
921013,1629,40951
921013,1629,67713
921013,1629,41447
921013,1629,67224
921013,1629,52075
921013,1629,45350
921013,1629,59896
921013,1629,71132
921013,1629,53537
921013,1629,85323
921013,1629,69146
921013,1629,32268
921013,1629,75264
921013,1629,42528
921013,1629,39992
921013,1629,33179
921013,1629,55518
921013,1629,50665
921013,1629,26137
921013,1629,46609
921013,1629,28562
921013,1629,63264
921013,1629,46448
921013,1629,81502
921013,1629,67004
921013,1629,44207
921013,1629,44997
921013,1629,30015
921013,1629,32011
921013,1629,56801
921013,1629,86092
921013,1629,59048
921013,1629,45448
921013,1629,27863
921013,1629,64971
921013,1629,29353
921013,1629,67635
921013,1629,38046
921013,1629,57534
921013,1629,40753
921013,1629,77755
921013,1629,42704
921013,1629,34266
921013,1629,59643
921013,1629,29104
921013,1629,33265
921013,1629,72332
921013,1629,33745
921013,1629,74466
921013,1629,76419
921013,1629,59817
921013,1629,81002
921013,1629,47953
921013,1629,33518
921013,1629,68871
921013,1629,35637
921013,1629,62369
921013,1629,47232
921013,1629,39937
921013,1629,46161
921013,1629,70901
921013,1629,53757
921013,1629,72826
921013,1629,55548
921013,1629,43878
921013,1629,65296
921013,1629,68383
921013,1629,37972
921013,1629,58458
921013,1629,27661
921013,1629,64723
921013,1629,75833
921013,1629,26121
921013,1629,70092
921013,1629,61476
921013,1629,34016
921013,1629,54565
921013,1629,82948
921013,1629,49312
921013,1629,77549
921013,1629,38926
921013,1629,86050
921013,1629,37830
921013,1629,83125
921013,1629,34803
921013,1629,70320
921013,1629,62021
921013,1629,73616
921013,1629,86049
921013,1629,37052
921013,1629,81911
921013,1629,85135
921013,1629,56391
921013,1629,82001
921013,1629,71101
921013,1629,55475
921013,1629,85137
921013,1629,40399
921013,1629,80997
921013,1629,47498
921013,1629,32619
921013,1629,67945
921013,1629,83411
921013,1629,48115
921013,1629,78200
921013,1629,61757
921013,1629,54624
921013,1629,40465
921013,1629,53201
921013,1629,71650
921013,1629,74492
921013,1629,29128
921013,1629,83612
921013,1629,56461
921013,1629,78634
921013,1629,39839
921013,1629,44456
921013,1629,44087
921013,1629,30743
921013,1629,31081
921013,1629,62862
921013,1629,84411
921013,1629,72369
921013,1629,80048
921013,1629,30979
921013,1629,69887
921013,1629,60105
921013,1629,57692
921013,1629,53976
921013,1629,80795
921013,1629,60916
921013,1629,68797
921013,1629,76710
921013,1629,42619
921013,1629,55159
921013,1629,81316
921013,1629,56024
921013,1629,57991
921013,1629,29763
921013,1629,44595
921013,1629,39321
921013,1629,47188
921013,1629,26324
921013,1629,53612
921013,1629,77784
921013,1629,47832
921013,1629,74981
921013,1629,85930
921013,1629,78144
921013,1629,38841
921013,1629,55504
921013,1629,50317
921013,1629,40425
921013,1629,26244
921013,1629,53455
921013,1629,81705
921013,1629,72689
921013,1629,35973
921013,1629,54442
921013,1629,44615
921013,1629,61863
921013,1629,68885
921013,1629,62472
921013,1629,56867
921013,1629,32810
921013,1629,51409
921013,1629,66365
921013,1629,38216
921013,1629,52966
921013,1629,72701
921013,1629,35794
921013,1629,50730
921013,1629,46239
921013,1629,60171
921013,1629,76015
921013,1629,57234
921013,1629,83866
921013,1629,32583
921013,1629,67835
921013,1629,61954
921013,1629,44425
921013,1629,37883
921013,1629,77419
921013,1629,44960
921013,1629,41535
921013,1629,47315
921013,1629,69269
921013,1629,53170
921013,1629,83979
921013,1629,84622
921013,1629,43942
921013,1629,79832
921013,1629,56459
921013,1629,40463
921013,1629,37572
921013,1629,28737
921013,1629,52753
921013,1629,37398
921013,1629,61454
921013,1629,31935
921013,1629,57631
921013,1629,40207
921013,1629,68261
921013,1629,49629
921013,1629,43549
921013,1629,45981
921013,1629,44904
921013,1629,64193
921013,1629,79647
921013,1629,39758
921013,1629,71746
921013,1629,68313
921013,1629,73816
921013,1629,30426
921013,1629,80929
921013,1629,59334
921013,1629,30904
921013,1629,36695
921013,1629,44649
921013,1629,46824
921013,1629,71145
921013,1629,55218
921013,1629,67729
921013,1629,84771
921013,1629,40053
921013,1629,84117
921013,1629,37232
921013,1629,81692
921013,1629,77595
921013,1629,47545
921013,1629,54564
921013,1629,47052
921013,1629,70011
921013,1629,34309
921013,1629,84176
921013,1629,79126
921013,1629,65079
921013,1629,44144
921013,1629,76179
921013,1629,69595
921013,1629,30707
921013,1629,26653
921013,1629,85979
921013,1629,37439
921013,1629,41814
921013,1629,78118
921013,1629,44286
921013,1629,36673
921013,1629,72116
921013,1629,78410
921013,1629,78231
921013,1629,72971
921013,1629,73400
921013,1629,38509
921013,1629,37487
921013,1629,59132
921013,1629,52819
921013,1629,38293
921013,1629,44177
921013,1629,46267
921013,1629,57605
921013,1629,81641
921013,1629,32537
921013,1629,54173
921013,1629,26761
921013,1629,33139
921013,1629,55866
921013,1629,66360
921013,1629,58069
921013,1629,49980
921013,1629,30413
921013,1629,60794
921013,1629,77130
921013,1629,43063
921013,1629,30693
921013,1629,79177
921013,1629,54529
921013,1629,54726
921013,1629,31429
921013,1629,84598
921013,1629,39101
921013,1629,70603
921013,1629,53280
921013,1629,73325
921013,1629,60172
921013,1629,73792
921013,1629,76263
921013,1629,51655
921013,1629,57876
921013,1629,71701
921013,1629,45782
921013,1629,74489
921013,1629,54943
921013,1629,29058
921013,1629,52546
921013,1629,67683
921013,1629,69166
921013,1629,55153
921013,1629,69806
921013,1629,35951
921013,1629,43051
921013,1629,70591
921013,1629,45798
921013,1629,49120
921013,1629,68418
921013,1629,67227
921013,1629,49618
921013,1629,30032
921013,1629,54653
921013,1629,41742
921013,1629,80474
921013,1629,54301
921013,1629,70138
921013,1629,54209
921013,1629,78781
921013,1629,27553
921013,1629,39517
921013,1629,32978
921013,1629,80192
921013,1629,72579
921013,1629,63839
921013,1629,82905
921013,1629,60856
921013,1629,79351
921013,1629,83273
921013,1629,52186
921013,1629,75096
921013,1629,60256
921013,1629,61928
921013,1629,36404
921013,1629,36604
921013,1629,43671
921013,1629,29825
921013,1629,31983
921013,1629,71363
921013,1629,25553
921013,1629,68145
921013,1629,39171
921013,1629,84678
921013,1629,77442
921013,1629,28235
921013,1629,42166
921013,1629,65874
921013,1629,57081
921013,1629,76629
921013,1629,71903
921013,1629,46821
921013,1629,70870
921013,1629,84625
921013,1629,44081
921013,1629,31372
921013,1629,86303
921013,1629,66660
921013,1629,52610
921013,1629,43843
921013,1629,83582
921013,1629,74935
921013,1629,75100
921013,1629,40535
921013,1629,82960
921013,1629,79674
921013,1629,54295
921013,1629,47479
921013,1629,29455
921013,1629,57789
921013,1629,72191
921013,1629,82491
921013,1629,51729
921013,1629,78724
921013,1629,73031
921013,1629,41161
921013,1629,61831
921013,1629,69985
921013,1629,44125
921013,1629,44617
921013,1629,52114
921013,1629,76807
921013,1629,72454
921013,1629,41497
921013,1629,57554
921013,1629,70793
921013,1629,29807
921013,1629,37398
921013,1629,67658
921013,1629,58241
921013,1629,77387
921013,1629,84145
921013,1629,79407
921013,1629,46845
921013,1629,32339
921013,1629,36173
921013,1629,62944
921013,1629,34447
921013,1629,79398
921013,1629,51333
921013,1629,75813
921013,1629,69659
921013,1629,26659
921013,1629,81029
921013,1629,45721
921013,1629,41868
921013,1629,64521
921013,1629,86167
921013,1629,51242
921013,1629,38425
921013,1629,60995
921013,1629,54056
921013,1629,54083
921013,1629,72059
921013,1629,25626
921013,1629,28670
921013,1629,31849
921013,1629,84156
921013,1629,56653
921013,1629,85591
921013,1629,48044
921013,1629,33275
921013,1629,44774
921013,1629,36702
921013,1629,54181
921013,1629,68639
921013,1629,34434
921013,1629,79234
921013,1629,64515
921013,1629,68278
921013,1629,31332
921013,1629,48239
921013,1629,52688
921013,1629,33700
921013,1629,69400
921013,1629,52392
921013,1629,70097
921013,1629,31250
921013,1629,36518
921013,1629,61116
921013,1629,69929
921013,1629,82417
921013,1629,48756
921013,1629,44683
921013,1629,77007
921013,1629,27983
921013,1629,30890
921013,1629,42170
921013,1629,40456
921013,1629,54903
921013,1629,37341
921013,1629,69884
921013,1629,60380
921013,1629,32520
921013,1629,80920
921013,1629,29114
921013,1629,62228
921013,1629,53756
921013,1629,86269
921013,1629,59300
921013,1629,44354
921013,1629,34665
921013,1629,55213
921013,1629,48825
921013,1629,43191
921013,1629,68381
921013,1629,33201
921013,1629,82157
921013,1629,55764
921013,1629,84501
921013,1629,31494
921013,1629,59030
921013,1629,60306
921013,1629,67250
921013,1629,41097
921013,1629,52214
921013,1629,25954
921013,1629,83863
921013,1629,68123
921013,1629,47146
921013,1629,30590
921013,1629,78343
921013,1629,63259
921013,1629,49683
921013,1629,51059
921013,1629,45758
921013,1629,69343
921013,1629,32949
921013,1629,50828
921013,1629,40073
921013,1629,29569
921013,1629,28029
921013,1629,27070
921013,1629,55845
921013,1629,50194
921013,1629,75496
921013,1629,80909
921013,1629,56899
921013,1629,56856
921013,1629,39391
921013,1629,45494
921013,1629,41504
921013,1629,72153
921013,1629,33138
921013,1629,82770
921013,1629,41674
921013,1629,37255
921013,1629,25490
921013,1629,60860
921013,1629,70409
921013,1629,59421
921013,1629,39053
921013,1629,44790
921013,1629,38677
921013,1629,77212
921013,1629,45675
921013,1629,48159
921013,1629,48750
921013,1629,32529
921013,1629,38625
921013,1629,37531
921013,1629,84407
921013,1629,86175
921013,1629,79591
921013,1629,68039
921013,1629,43164
921013,1629,28257
921013,1629,52548
921013,1629,58155
921013,1629,72321
921013,1629,35910
921013,1629,46770
921013,1629,32178
921013,1629,43097
921013,1629,32509
921013,1629,47809
921013,1629,47065
921013,1629,80395
921013,1629,67882
921013,1629,75799
921013,1629,39918
921013,1629,40645
921013,1629,74692
921013,1629,79641
921013,1629,59649
921013,1629,82907
921013,1629,72876
921013,1629,45748
921013,1629,62918
921013,1629,36480
921013,1629,79498
921013,1629,57215
921013,1629,60526
921013,1629,32489
921013,1629,45749
921013,1629,82877
921013,1629,37665
921013,1629,78077
921013,1629,42157
921013,1629,86283
921013,1629,32806
921013,1629,78215
921013,1629,81940
921013,1629,26169
921013,1629,70160
921013,1629,63379
921013,1629,39859
921013,1629,39413
921013,1629,62714
921013,1629,45978
921013,1629,48261
921013,1629,31641
921013,1629,84057
921013,1629,59346
921013,1629,57810
921013,1629,27109
921013,1629,31807
921013,1629,28913
921013,1629,65630
921013,1629,64409
921013,1629,44103
921013,1629,77810
921013,1629,64620
921013,1629,42030
921013,1629,82125
921013,1629,33448
921013,1629,41728
921013,1629,56334
921013,1629,75163
921013,1629,34580
921013,1629,29525
921013,1629,56193
921013,1629,39267
921013,1629,67645
921013,1629,33661
921013,1629,37706
921013,1629,80680
921013,1629,60375
921013,1629,66097
921013,1629,60982
921013,1629,70988
921013,1629,28999
921013,1629,83774
921013,1629,48006
921013,1629,69375
921013,1629,68350
921013,1629,84496
921013,1629,71117
921013,1629,46892
921013,1629,31471
921013,1629,50021
921013,1629,31298
921013,1629,27579
921013,1629,57149
921013,1629,84265
921013,1629,86037
921013,1629,31920
921013,1629,71963
921013,1629,81373
921013,1629,38417
921013,1629,31837
921013,1629,66816
921013,1629,46100
921013,1629,37152
921013,1629,45170
921013,1629,69525
921013,1629,68865
921013,1629,70117
921013,1629,77640
921013,1629,58266
921013,1629,31542
921013,1629,77641
921013,1629,85291
921013,1629,62998
921013,1629,53083
921013,1629,27521
921013,1629,35450
921013,1629,58636
921013,1629,65432
921013,1629,26072
921013,1629,58195
921013,1629,62094
921013,1629,79053
921013,1629,42116
921013,1629,45566
921013,1629,31322
921013,1629,74118
921013,1629,58645
921013,1629,81825
921013,1629,61504
921013,1629,27025
921013,1629,45110
921013,1629,72400
921013,1629,73863
921013,1629,73287
921013,1629,39544
921013,1629,56868
921013,1629,31513
921013,1629,83823
921013,1629,79402
921013,1629,41080
921013,1629,65980
921013,1629,56249
921013,1629,57212
921013,1629,46416
921013,1629,86074
921013,1629,76619
921013,1629,53521
921013,1629,32822
921013,1629,30331
921013,1629,85149
921013,1629,67338
921013,1629,44756
921013,1629,84534
921013,1629,85080
921013,1629,65278
921013,1629,48045
921013,1629,62292
921013,1629,37865
921013,1629,33851
921013,1629,59544
921013,1629,61594
921013,1629,34230
921013,1629,70397
921013,1629,78599
921013,1629,68232
921013,1629,47406
921013,1629,50152
921013,1629,62765
921013,1629,53091
921013,1629,51383
921013,1629,36675
921013,1629,40792
921013,1629,63395
921013,1629,42937
921013,1629,36747
921013,1629,71504
921013,1629,75579
921013,1629,49497
921013,1629,27611
921013,1629,46777
921013,1629,82615
921013,1629,38938
921013,1629,63356
921013,1629,73928
921013,1629,52562
921013,1629,76380
921013,1629,37513
921013,1629,74706
921013,1629,70499
921013,1629,74179
921013,1629,71551
921013,1629,27848
921013,1629,36268
921013,1629,78852
921013,1629,30522
921013,1629,49449
921013,1629,76329
921013,1629,71093
921013,1629,26066
921013,1629,84305
921013,1629,44317
921013,1629,70957
921013,1629,86256
921013,1629,40172
921013,1629,55191
921013,1629,62465
921013,1629,83386
921013,1629,44723
921013,1629,74896
921013,1629,41971
921013,1629,32375
921013,1629,70379
921013,1629,36867
921013,1629,76390
921013,1629,84519
921013,1629,77760
921013,1629,47815
921013,1629,59762
921013,1629,34330
921013,1629,85965
921013,1629,32829
921013,1629,85513
921013,1629,39301
921013,1629,55713
921013,1629,44300
921013,1629,64655
921013,1629,34164
921013,1629,62867
921013,1629,75342
921013,1629,37547
921013,1629,27977
921013,1629,70486
921013,1629,64415
921013,1629,78681
921013,1629,65633
921013,1629,37518
921013,1629,50814
921013,1629,79891
921013,1629,63665
921013,1629,38034
921013,1629,55286
921013,1629,37106
921013,1629,29846
921013,1629,54704
921013,1629,42024
921013,1629,65281
921013,1629,36117
921013,1629,68227
921013,1629,85035
921013,1629,41403
921013,1629,37800
921013,1629,67026
921013,1629,51718
921013,1629,74928
921013,1629,54040
921013,1629,40750
921013,1629,84318
921013,1629,55661
921013,1629,48439
921013,1629,81903
921013,1629,37638
921013,1629,75092
921013,1629,68221
921013,1629,63069
921013,1629,26624
921013,1629,86034
921013,1629,25454
921013,1629,67315
921013,1629,49977
921013,1629,55360
921013,1629,38558
921013,1629,44600
921013,1629,26371
921013,1629,30041
921013,1629,38478
921013,1629,54260
921013,1629,55264
921013,1629,38507
921013,1629,66041
921013,1629,42340
921013,1629,81754
921013,1629,84226
921013,1629,81803
921013,1629,65126
921013,1629,55093
921013,1629,72643
921013,1629,54493
921013,1629,55368
921013,1629,60204
921013,1629,29605
921013,1629,40331
921013,1629,29047
921013,1629,30689
921013,1629,50077
921013,1629,52024
921013,1629,38153
921013,1629,67792
921013,1629,49031
921013,1629,82136
921013,1629,48281
921013,1629,45891
921013,1629,45320
921013,1629,77512
921013,1629,80466
921013,1629,37282
921013,1629,43381
921013,1629,66921
921013,1629,28926
921013,1629,38687
921013,1629,43623
921013,1629,49163
921013,1629,34773
921013,1629,51844
921013,1629,62912
921013,1629,81874
921013,1629,52140
921013,1629,83971
921013,1629,54654
921013,1629,31210
921013,1629,37143
921013,1629,40671
921013,1629,70446
921013,1629,59035
921013,1629,69437
921013,1629,67818
921013,1629,31370
921013,1629,50501
921013,1629,32462
921013,1629,33909
921013,1629,84911
921013,1629,41650
921013,1629,67600
921013,1629,54336
921013,1629,65702
921013,1629,31226
921013,1629,85969
921013,1629,54409
921013,1629,63675
921013,1629,76318
921013,1629,45424
921013,1629,34565
921013,1629,41506
921013,1629,80066
921013,1629,43758
921013,1629,57738
921013,1629,50725
921013,1629,36791
921013,1629,86292
921013,1629,31808
921013,1629,75525
921013,1629,46524
921013,1629,36403
921013,1629,74093
921013,1629,62462
921013,1629,51295
921013,1629,53189
921013,1629,54429
921013,1629,26246
921013,1629,47477
921013,1629,74820
921013,1629,30393
921013,1629,58064
921013,1629,39437
921013,1629,34816
921013,1629,54128
921013,1629,59550
921013,1629,45144
921013,1629,55951
921013,1629,77913
921013,1629,68169
921013,1629,77574
921013,1629,45256
921013,1629,39099
921013,1629,43636
921013,1629,74813
921013,1629,68956
921013,1629,41170
921013,1629,74340
921013,1629,39888
921013,1629,48021
921013,1629,56682
921013,1629,48610
921013,1629,52381
921013,1629,46528
921013,1629,77883
921013,1629,34762
921013,1629,82447
921013,1629,39647
921013,1629,37214
921013,1629,50825
921013,1629,34773
921013,1629,55636
921013,1629,56197
921013,1629,84801
921013,1629,36948
921013,1629,58071
921013,1629,83056
921013,1629,60102
921013,1629,36690
921013,1629,51017
921013,1629,25466
921013,1629,47864
921013,1629,58182
921013,1629,84633
921013,1629,67102
921013,1629,81485
921013,1629,82994
921013,1629,57048
921013,1629,49120
921013,1629,58099
921013,1629,77973
921013,1629,69451
921013,1629,32391
921013,1629,68095
921013,1629,74404
921013,1629,73737
921013,1629,29648
921013,1629,49495
921013,1629,27091
921013,1629,61478
921013,1629,78586
921013,1629,78448
921013,1629,36706
921013,1629,86183
921013,1629,64359
921013,1629,81494
921013,1629,31139
921013,1629,31741
921013,1629,41374
921013,1629,65056
921013,1629,63239
921013,1629,54278
921013,1629,71194
921013,1629,34169
921013,1629,68650
921013,1629,70870
921013,1629,40493
921013,1629,75662
921013,1629,62224
921013,1629,79923
921013,1629,86234
921013,1629,37720
921013,1629,80143
921013,1629,57341
921013,1629,76932
921013,1629,63725
921013,1629,33042
921013,1629,70180
921013,1629,61853
921013,1629,51291
921013,1629,26350
921013,1629,43950
921013,1629,34322
921013,1629,56675
921013,1629,59621
921013,1629,29171
921013,1629,71149
921013,1629,63812
921013,1629,45133
921013,1629,36254
921013,1629,53700
921013,1629,76193
921013,1629,48535
921013,1629,49542
921013,1629,27788
921013,1629,75148
921013,1629,35356
921013,1629,25240
921013,1629,32023
921013,1629,64463
921013,1629,57797
921013,1629,86336
921013,1629,55907
921013,1629,39466
921013,1629,86394
921013,1629,37589
921013,1629,29042
921013,1629,31452
921013,1629,79293
921013,1629,45590
921013,1629,83603
921013,1629,78805
921013,1629,63909
921013,1629,26849
921013,1629,29333
921013,1629,40732
921013,1629,37221
921013,1629,61685
921013,1629,28470
921013,1629,84962
921013,1629,29945
921013,1629,71255
921013,1629,41073
921013,1629,46443
921013,1629,25651
921013,1629,83444
921013,1629,35333
921013,1629,47248
921013,1629,61407
921013,1629,56073
921013,1629,69947
921013,1629,54579
921013,1629,27251
921013,1629,54865
921013,1629,86043
921013,1629,40543
921013,1629,69618
921013,1629,52606
921013,1629,49893
921013,1629,41161
921013,1629,48492
921013,1629,71111
921013,1629,76290
921013,1629,65321
921013,1629,70616
921013,1629,57707
921013,1629,47905
921013,1629,37306
921013,1629,62423
921013,1629,55307
921013,1629,72237
921013,1629,84902
921013,1629,75228
921013,1629,60745
921013,1629,80484
921013,1629,66398
921013,1629,55728
921013,1629,71399
921013,1629,71441
921013,1629,85952
921013,1629,83785
921013,1629,80370
921013,1629,80918
921013,1629,47569
921013,1629,80384
921013,1629,43104
921013,1629,47103
921013,1629,59859
921013,1629,35761
921013,1629,70602
921013,1629,28714
921013,1629,54270
921013,1629,85641
921013,1629,79774
921013,1629,68171
921013,1629,60215
921013,1629,30583
921013,1629,64449
921013,1629,65856
921013,1629,32465
921013,1629,55801
921013,1629,43278
921013,1629,77429
921013,1629,70254
921013,1629,82248
921013,1629,52455
921013,1629,38001
921013,1629,69945
921013,1629,82583
921013,1629,82962
921013,1629,71658
921013,1629,53483
921013,1629,63881
921013,1629,78981
921013,1629,64190
921013,1629,47734
921013,1629,72090
921013,1629,39759
921013,1629,43101
921013,1629,82367
921013,1629,31578
921013,1629,71539
921013,1629,36567
921013,1629,25408
921013,1629,41256
921013,1629,67263
921013,1629,25777
921013,1629,45791
921013,1629,74240
921013,1629,42078
921013,1629,66209
921013,1629,60386
921013,1629,29714
921013,1629,41749
921013,1629,61808
921013,1629,41855
921013,1629,44473
921013,1629,84453
921013,1629,80835
921013,1629,39992
921013,1629,61908
921013,1629,76173
921013,1629,77430
921013,1629,74671
921013,1629,53313
921013,1629,49963
921013,1629,35340
921013,1629,52352
921013,1629,36946
921013,1629,68652
921013,1629,44572
921013,1629,66620
921013,1629,32165
921013,1629,71545
921013,1629,64382
921013,1629,76486
921013,1629,28996
921013,1629,63811
921013,1629,36074
921013,1629,56464
921013,1629,39924
921013,1629,51811
921013,1629,31712
921013,1629,35884
921013,1629,37456
921013,1629,29938
921013,1629,63975
921013,1629,73499
921013,1629,62349
921013,1629,63718
921013,1629,62573
921013,1629,36461
921013,1629,66866
921013,1629,80801
921013,1629,36109
921013,1629,65346
921013,1629,42976
921013,1629,34589
921013,1629,55184
921013,1629,34199
921013,1629,27577
921013,1629,85184
921013,1629,34907
921013,1629,66905
921013,1629,64970
921013,1629,52809
921013,1629,29407
921013,1629,68848
921013,1629,86332
921013,1629,64818
921013,1629,44623
921013,1629,66579
921013,1629,46404
921013,1629,25496
921013,1629,49830
921013,1629,55653
921013,1629,45480
921013,1629,56210
921013,1629,79186
921013,1629,27626
921013,1629,65518
921013,1629,64404
921013,1629,34773
921013,1629,80739
921013,1629,81044
921013,1629,69745
921013,1629,84896
921013,1629,56045
921013,1629,80651
921013,1629,44575
921013,1629,81807
921013,1629,52336
921013,1629,40584
921013,1629,46971
921013,1629,34597
921013,1629,45823
921013,1629,67835
921013,1629,79268
921013,1629,69071
921013,1629,56210
921013,1629,70640
921013,1629,45078
921013,1629,38007
921013,1629,41136
921013,1629,80009
921013,1629,40528
921013,1629,68912
921013,1629,25333
921013,1629,62309
921013,1629,41951
921013,1629,85129
921013,1629,41729
921013,1629,79731
921013,1629,31008
921013,1629,80710
921013,1629,27539
921013,1629,60047
921013,1629,59060
921013,1629,42979
921013,1629,60149
921013,1629,66437
921013,1629,46710
921013,1629,66669
921013,1629,73333
921013,1629,77707
921013,1629,35020
921013,1629,39957
921013,1629,53364
921013,1629,51726
921013,1629,48054
921013,1629,25797
921013,1629,59487
921013,1629,54013
921013,1629,85084
921013,1629,38225
921013,1629,67291
921013,1629,52826
921013,1629,75693
921013,1629,31438
921013,1629,73850
921013,1629,85142
921013,1629,27556
921013,1629,41089
921013,1629,57248
921013,1629,55261
921013,1629,66629
921013,1629,32157
921013,1629,41081
921013,1629,72481
921013,1629,63073
921013,1629,45257
