13386838,1629,46884
18550793,1629,69777
6092314,1629,61629
2931309,1629,27967
21489533,1629,72473
21023010,1629,58708
6404545,1629,31442
13748845,1629,67619
9117289,1629,37286
13841394,1629,34299
19521862,1629,70245
12683921,1629,65908
22166785,1629,49707
6757766,1629,64993
4642351,1629,78285
8938924,1629,43007
14621427,1629,51341
8112051,1629,46469
22396379,1629,47698
15224314,1629,52957
9785313,1629,45289
2038211,1629,59919
7700840,1629,63023
3667271,1629,49494
19388768,1629,50695
22030163,1629,42721
17701939,1629,74339
16826815,1629,50819
11172518,1629,71536
2296469,1629,59502
20783900,1629,37264
20783900,1629,40613
15759415,1629,62773
15759415,1629,63704
15354186,1629,75774
9326730,1629,58992
9326730,1629,64358
4029790,1629,62422
2918220,1629,78878
16913094,1629,48266
2613648,1629,36526
22422590,1629,60121
19662386,1629,74696
14212372,1629,57466
5566570,1629,62039
5757856,1629,49364
2860166,1629,76836
20268866,1629,75594
349419,1629,73782
5648066,1629,73538
22379618,1629,73387
19818845,1629,57567
1401683,1629,73604
2692640,1629,55701
17103426,1629,76374
11963421,1629,68925
2036685,1629,65059
19155459,1629,50890
11979278,1629,34196
11979278,1629,32814
11411180,1629,72747
17718514,1629,58639
10198413,1629,56670
21897290,1629,56754
3877786,1629,44713
13411006,1629,55124
19812130,1629,73453
13344010,1629,57805
1262332,1629,73091
21067479,1629,31242
3835505,1629,43636
18896544,1629,37822
18322030,1629,82561
2312120,1629,48150
9541036,1629,76042
5486907,1629,69680
15163885,1629,52798
4017857,1629,48624
8715172,1629,73878
8715172,1629,69742
1642413,1629,46607
13100771,1629,77281
6864419,1629,65072
6864419,1629,65251
3333895,1629,75409
6509766,1629,60628
18057242,1629,52321
1123896,1629,25743
10631881,1629,55151
6549239,1629,55745
19145134,1629,72112
16109299,1629,68147
4605247,1629,76565
7624357,1629,70191
4687090,1629,72066
4687090,1629,74405
14301267,1629,45926
13719014,1629,50102
7519368,1629,64014
5502659,1629,49543
18972067,1629,62037
17759437,1629,80850
18466095,1629,60980
2593335,1629,43673
6178125,1629,72786
6178125,1629,72608
21064080,1629,61720
7193766,1629,78826
13726656,1629,42981
603718,1629,60492
11379379,1629,40981
6602406,1629,41009
6896228,1629,52034
22459941,1629,35093
19313625,1629,57636
8834541,1629,48164
19093111,1629,46515
6466918,1629,58808
17329584,1629,32733
14630087,1629,62453
11196155,1629,58110
12287011,1629,54702
12287011,1629,55752
22056233,1629,62262
9327398,1629,78186
5668887,1629,55141
22252999,1629,43912
22015046,1629,58922
11828333,1629,41192
8503056,1629,36151
19534261,1629,60085
11817296,1629,65471
3712078,1629,54203
14643293,1629,40432
1244467,1629,56531
17677267,1629,70196
2167524,1629,58905
2167524,1629,57944
20004016,1629,44588
15759482,1629,40608
15759482,1629,58856
7140169,1629,76553
11740025,1629,49717
20332495,1629,72521
3291266,1629,63028
4155376,1629,72415
4531356,1629,76923
20000370,1629,55978
18812707,1629,58175
9628528,1629,75260
7216389,1629,55752
10084387,1629,80525
22120458,1629,75583
13338655,1629,78559
8371964,1629,58532
19040887,1629,70138
20030207,1629,42505
2255266,1629,61559
17930893,1629,54892
8025826,1629,68921
13694266,1629,41975
9456843,1629,44580
22045084,1629,71356
1297714,1629,60162
1297714,1629,62534
21634926,1629,41113
6913333,1629,61946
1659995,1629,63775
1659995,1629,75724
18550912,1629,65721
13882093,1629,66336
20112462,1629,67569
12782704,1629,58876
16392927,1629,74551
16032195,1629,32720
7110813,1629,38027
21842036,1629,60908
767658,1629,67438
6691381,1629,77499
17044879,1629,63504
2766494,1629,40415
6972449,1629,36613
11809036,1629,51930
12409897,1629,51081
14803701,1629,45764
8621966,1629,63134
13620730,1629,57786
2067246,1629,73392
16529254,1629,42078
17807131,1629,44402
8811282,1629,48672
6136950,1629,75122
9303226,1629,38017
10023118,1629,63450
19015541,1629,67589
3293432,1629,62188
9753029,1629,70017
19233478,1629,73870
6070982,1629,63201
2898012,1629,68126
183449,1629,57397
11186287,1629,78278
18914917,1629,54871
19657101,1629,64987
20048019,1629,32970
21702301,1629,45901
9367377,1629,64120
9367377,1629,66454
10850093,1629,58994
19384630,1629,46930
19048300,1629,68249
19538644,1629,50199
1340126,1629,42469
1340126,1629,67892
13947133,1629,73340
5424271,1629,49854
10792238,1629,53946
14375859,1629,47733
2097991,1629,35665
19435875,1629,58559
21218042,1629,37231
16830842,1629,49898
5403185,1629,44814
16756688,1629,75094
16756688,1629,77311
13146915,1629,73573
18474774,1629,48674
7220179,1629,71827
523500,1629,42258
20155610,1629,55010
22581133,1629,53874
22036709,1629,53335
22036709,1629,59376
20447986,1629,65044
2983587,1629,55543
1627501,1629,30042
18632551,1629,64099
18632551,1629,64648
22087588,1629,57087
12926610,1629,35457
19437799,1629,70437
15091028,1629,67041
13584885,1629,56778
14887259,1629,76122
15165185,1629,52840
1133797,1629,60549
16504215,1629,44809
3226978,1629,53820
7449155,1629,67123
16204025,1629,56863
18827255,1629,44387
22564765,1629,60580
9617535,1629,73842
6996726,1629,57040
9982616,1629,55277
7250826,1629,67426
8414975,1629,55416
16092909,1629,58432
13535481,1629,65862
13535481,1629,66525
15637029,1629,50528
22023492,1629,38380
5027797,1629,45034
11593357,1629,39345
13255667,1629,43195
8392915,1629,59249
1300207,1629,45536
9021654,1629,47363
4559078,1629,70711
10752365,1629,33388
19642167,1629,33922
5662685,1629,70063
15390036,1629,75079
9189695,1629,35957
12841853,1629,44201
1219481,1629,64346
676699,1629,35362
11110203,1629,39982
128986,1629,69959
8127897,1629,62019
9910665,1629,49535
3954526,1629,74133
19023560,1629,63754
1958605,1629,64306
16368779,1629,58507
21068896,1629,71750
1173785,1629,56573
11816713,1629,40168
3794992,1629,71602
3617069,1629,65713
20647121,1629,40101
4154239,1629,73916
15590671,1629,73679
12839428,1629,48169
9203573,1629,64090
1638607,1629,56627
6849063,1629,61867
12399805,1629,64300
14828125,1629,77910
6617580,1629,70409
13095390,1629,44633
741687,1629,66932
20898272,1629,73211
18678497,1629,77068
6583811,1629,56064
6583811,1629,49593
6583811,1629,52087
3472146,1629,69330
3743307,1629,58589
12964559,1629,56192
851073,1629,54003
19388661,1629,69817
4413040,1629,64795
9370045,1629,47545
5224131,1629,33036
16181510,1629,37626
6954162,1629,75519
8812328,1629,46103
22263040,1629,54175
16532125,1629,77144
18751685,1629,38429
4809999,1629,52428
16526113,1629,62574
5486810,1629,51684
3033461,1629,48947
11738306,1629,76345
14740708,1629,55463
8154489,1629,40180
10863222,1629,40316
10080895,1629,63316
3789723,1629,53869
4640337,1629,46181
238056,1629,33705
13230910,1629,77179
12921425,1629,74599
19278939,1629,80455
18782610,1629,45963
4383711,1629,74593
5007258,1629,61647
17025020,1629,52383
14522065,1629,42062
7856861,1629,60048
12900201,1629,69118
18013536,1629,78869
5727270,1629,70152
12321994,1629,77945
12321994,1629,77472
19634095,1629,55947
21449273,1629,75291
4628707,1629,49015
5811784,1629,65387
890981,1629,56662
21082191,1629,50728
22544038,1629,75113
22544038,1629,74947
19251593,1629,34169
1267212,1629,37015
7019001,1629,66515
502585,1629,75116
11086376,1629,72760
18216056,1629,37768
2302773,1629,65440
5813839,1629,52317
17661932,1629,65377
2651029,1629,74830
18152885,1629,51794
11717291,1629,71038
655383,1629,62633
18857230,1629,55387
12881184,1629,74941
22297165,1629,47258
21434551,1629,53474
10327680,1629,36619
56850,1629,38734
56850,1629,63197
5151363,1629,75645
10894297,1629,70521
21188115,1629,53240
6252699,1629,38163
6252699,1629,42167
1399286,1629,56815
22386432,1629,33612
14527493,1629,44679
17768511,1629,63290
6577505,1629,42403
19911595,1629,32718
106002,1629,45502
2096303,1629,65721
21833133,1629,36474
11907305,1629,62707
12984557,1629,47939
13972890,1629,41407
20323407,1629,75775
20963057,1629,46715
8528295,1629,51442
20391354,1629,58737
15230090,1629,42376
1297158,1629,44036
17628831,1629,67724
13368895,1629,70610
18759016,1629,53134
1817505,1629,66136
17703566,1629,61222
1077430,1629,76624
18585511,1629,75528
2948132,1629,35843
18459702,1629,72890
708069,1629,75056
7969821,1629,65813
14417133,1629,76460
3652486,1629,45836
17163888,1629,71064
19625519,1629,67350
19334330,1629,64231
14575598,1629,78904
19529644,1629,45996
9976071,1629,62659
15633226,1629,60540
18817962,1629,46555
21268185,1629,75197
20515199,1629,49465
3926357,1629,61466
15069094,1629,57614
6240652,1629,66281
582956,1629,39313
13531990,1629,42654
3559110,1629,69618
3559110,1629,65568
3259699,1629,35609
11643253,1629,51491
657332,1629,77574
1911476,1629,51866
6894412,1629,75141
14011661,1629,44897
15187596,1629,75086
855656,1629,47764
20274649,1629,43262
1829082,1629,52441
4613104,1629,64059
12647539,1629,46457
16947728,1629,74893
16947728,1629,72795
120333,1629,74038
16037986,1629,50748
16037986,1629,71163
10822020,1629,51628
21016262,1629,32663
11381921,1629,76781
10881048,1629,57067
21218581,1629,70886
3393815,1629,51299
9726352,1629,69195
6939700,1629,57832
11204976,1629,35559
14780336,1629,79150
4527216,1629,59086
17336935,1629,65390
3855760,1629,53152
6084721,1629,40906
16353483,1629,31888
10386969,1629,58719
9693135,1629,71118
19983431,1629,43811
17943454,1629,57623
13452842,1629,55604
18434841,1629,50486
17924623,1629,53044
2555298,1629,78566
11220507,1629,40302
990686,1629,71223
13024750,1629,60659
20215309,1629,47401
7701105,1629,79000
3680285,1629,45848
15161906,1629,69136
8574252,1629,79026
8400721,1629,62473
5091585,1629,64807
5943155,1629,78237
19855645,1629,75588
22060505,1629,32617
3654255,1629,38801
15857740,1629,47736
16540481,1629,39117
12297151,1629,64378
15524697,1629,57892
16995018,1629,74100
3047425,1629,49721
20572188,1629,44791
5936272,1629,69788
3961050,1629,50634
20800074,1629,51975
2478188,1629,68076
3664537,1629,42537
3157728,1629,53271
13803014,1629,72963
1802283,1629,52713
20830432,1629,66222
14962845,1629,53872
8729570,1629,47006
17881041,1629,42400
1343142,1629,65197
17807875,1629,44202
10920719,1629,54838
4766675,1629,38823
13894786,1629,67480
5445927,1629,51276
12979165,1629,63331
17549886,1629,72080
11889170,1629,65246
20573697,1629,74925
21242814,1629,78406
21242814,1629,78888
4574200,1629,62785
6101338,1629,65740
5671201,1629,66062
7209343,1629,62909
17879132,1629,78178
1686187,1629,61506
9272280,1629,57980
4373745,1629,60204
57212,1629,67296
8806421,1629,71503
8806421,1629,50479
4966913,1629,30599
15332812,1629,47583
17523640,1629,77347
13752141,1629,41124
13752141,1629,41844
15956639,1629,37411
15886792,1629,60444
6960890,1629,76544
13043788,1629,72107
17564575,1629,72561
14780595,1629,45818
9021086,1629,64344
9653401,1629,42537
15974254,1629,75072
8159625,1629,39100
1016247,1629,75374
3840170,1629,60581
10961534,1629,56698
18224713,1629,60956
8658259,1629,66200
6213567,1629,74107
4064613,1629,63836
4064613,1629,77914
16164588,1629,76334
16323236,1629,51637
11823980,1629,64922
18938923,1629,40026
4106162,1629,73408
3473583,1629,40840
21859308,1629,50309
703810,1629,74947
10497622,1629,54834
15508722,1629,54177
16511294,1629,75910
11054379,1629,74087
1811853,1629,75080
9808446,1629,57763
16984134,1629,39616
10436163,1629,37167
592027,1629,58715
3836775,1629,46424
8427435,1629,51110
6493238,1629,79101
6207798,1629,37549
10653698,1629,48048
9238515,1629,53553
15174434,1629,69313
14629172,1629,69413
10415977,1629,66586
10415977,1629,66194
2538984,1629,67177
8598325,1629,64660
8598325,1629,62495
828547,1629,55925
12008199,1629,46479
15577324,1629,62969
11569186,1629,72031
16122943,1629,35777
5228991,1629,46878
2482578,1629,73520
18276900,1629,38622
3669275,1629,77460
5643310,1629,75861
3093944,1629,58794
2517484,1629,51008
4891468,1629,65630
2491539,1629,46172
21936875,1629,51795
17800922,1629,36903
5548190,1629,34280
15563905,1629,72012
10864007,1629,47087
16286700,1629,36097
14941442,1629,45247
3866674,1629,39926
1656170,1629,64074
5680949,1629,61366
1563380,1629,72913
3768239,1629,72821
15858821,1629,45972
21543081,1629,78188
14619313,1629,70891
9034174,1629,35183
18732701,1629,75603
4393992,1629,75688
4113308,1629,75334
11819855,1629,77444
5096545,1629,65576
5916602,1629,51378
6265678,1629,54286
8695174,1629,42460
20643300,1629,74121
11591733,1629,56049
1269633,1629,58158
6537491,1629,45198
5427088,1629,68050
14298150,1629,67623
19961469,1629,55493
4146290,1629,74229
15302245,1629,70029
8816290,1629,73767
12663812,1629,33784
17559701,1629,72413
7730207,1629,51473
9056748,1629,53919
11397323,1629,58014
11380037,1629,55983
994569,1629,72348
16994712,1629,52735
5956738,1629,74285
19007432,1629,77941
8440688,1629,59098
7838214,1629,41430
13137184,1629,63239
12208057,1629,74918
2097762,1629,62450
2116968,1629,31942
7558145,1629,60006
7558145,1629,60842
7558145,1629,60357
10732209,1629,41306
12162308,1629,45011
3490208,1629,37061
17101326,1629,63350
6133841,1629,68992
10425772,1629,55305
9384175,1629,78323
19670454,1629,78601
19778449,1629,52883
18721188,1629,63832
3190385,1629,55736
21244377,1629,60309
9418056,1629,45772
9418056,1629,42449
9418056,1629,46645
12156179,1629,44082
12476802,1629,46725
20681346,1629,38603
2730038,1629,42354
10442331,1629,61810
18752637,1629,35785
2275611,1629,51243
10527479,1629,42164
20552779,1629,73835
953218,1629,53959
242626,1629,70561
22276097,1629,69855
3565816,1629,71674
13980229,1629,31393
13980229,1629,27519
7701512,1629,43172
12265636,1629,71667
22154597,1629,38742
19102835,1629,38193
7436483,1629,55639
18292668,1629,64390
10744069,1629,77025
12273828,1629,50544
2441797,1629,45634
9876532,1629,71478
9015097,1629,73809
20335443,1629,75644
195116,1629,57477
7279995,1629,70685
7097208,1629,62241
759023,1629,61399
20576844,1629,45756
10321773,1629,54085
16476838,1629,77464
9900985,1629,70222
16790644,1629,39478
6370008,1629,53709
5517914,1629,56417
7647160,1629,59268
17587842,1629,42324
14680477,1629,59781
12029121,1629,41897
15922943,1629,66612
18695636,1629,60710
17525875,1629,62229
16494854,1629,51058
20459734,1629,33943
3975672,1629,59319
22131364,1629,62556
4186447,1629,58591
10996249,1629,54798
14224082,1629,71960
14224082,1629,71849
14171376,1629,61293
6177567,1629,72153
1260399,1629,58516
10426388,1629,65048
20760895,1629,60421
22444213,1629,38151
11252335,1629,37132
8773289,1629,62181
4020466,1629,44730
4583004,1629,42521
10183363,1629,71818
10183363,1629,71832
5356610,1629,38575
22504687,1629,75381
19905297,1629,50748
1756329,1629,52453
6981005,1629,76300
13983640,1629,49735
14612469,1629,64521
5687884,1629,51464
19118243,1629,48193
3312392,1629,61095
10920253,1629,74174
11715625,1629,58637
20153015,1629,50363
7845342,1629,78778
19523878,1629,56961
5856797,1629,56571
10753524,1629,28929
13866577,1629,29912
1625077,1629,57374
18051087,1629,70028
19255837,1629,64248
17459044,1629,53344
14283836,1629,72392
12023849,1629,54895
14485094,1629,54506
12908656,1629,74229
3012034,1629,76182
2171729,1629,52220
20943458,1629,51953
11628594,1629,68540
3315173,1629,75226
14424312,1629,64248
14424312,1629,65663
7916945,1629,66711
4563359,1629,75365
4563359,1629,71787
6663123,1629,56252
6663123,1629,57565
11605881,1629,72112
17807409,1629,41828
21093590,1629,49570
5141425,1629,52629
20280574,1629,63715
18254051,1629,51099
14551836,1629,50141
11211020,1629,58826
8378419,1629,30865
6549819,1629,64712
9052495,1629,71330
1604271,1629,69853
16498699,1629,68857
12866704,1629,68975
2268134,1629,44225
2190224,1629,60557
19415540,1629,56746
1870895,1629,51828
18492580,1629,46706
1362573,1629,67348
1362573,1629,39843
5848302,1629,48875
22273916,1629,58716
8942021,1629,66237
10420006,1629,77325
7276636,1629,77196
2460694,1629,74209
3078152,1629,64267
3078152,1629,69532
6556060,1629,65731
7002178,1629,56512
9976374,1629,63538
19584035,1629,74430
14647423,1629,59480
18290975,1629,65597
19669508,1629,41491
18528199,1629,69871
4862297,1629,62885
5391482,1629,45193
3407016,1629,71034
8573647,1629,67030
10762819,1629,70276
4000389,1629,58706
1990861,1629,46464
20470122,1629,39727
4788100,1629,55831
11076808,1629,33610
14058955,1629,56033
307686,1629,76775
19847340,1629,67817
12350993,1629,51691
14839199,1629,45539
9834976,1629,57075
10598969,1629,74101
15085210,1629,57296
20238278,1629,46225
18393877,1629,78142
9536369,1629,49449
19945545,1629,73792
1473226,1629,65525
10741690,1629,55599
20240647,1629,55992
3448101,1629,63088
18860296,1629,71325
1107030,1629,59020
6224470,1629,72111
17738289,1629,76566
1838737,1629,45337
15419303,1629,60413
18102228,1629,72217
11756077,1629,47286
21986945,1629,54076
8044816,1629,40725
12030073,1629,43686
11946776,1629,64486
4603394,1629,53507
7443197,1629,52781
12128989,1629,51013
11402682,1629,62845
7557223,1629,63201
16748681,1629,51317
7897736,1629,78573
13318435,1629,38479
15852610,1629,49775
17020980,1629,71886
12125263,1629,51243
18535040,1629,57294
10932392,1629,61178
10932392,1629,60632
19486462,1629,46014
16298735,1629,48502
13016248,1629,72108
13907852,1629,53621
14745588,1629,52180
19949768,1629,54997
21258520,1629,53407
11509610,1629,54065
16157399,1629,65984
2288799,1629,40078
417633,1629,50831
13805816,1629,67167
14712364,1629,34988
573698,1629,55764
2398310,1629,39768
5150482,1629,68445
10352878,1629,57213
12273949,1629,76269
20702745,1629,78364
19281155,1629,70454
16353392,1629,64395
5186864,1629,46829
5186864,1629,47394
8718889,1629,71459
10261984,1629,63107
10261984,1629,58533
9293230,1629,74145
9015795,1629,50111
17772187,1629,73433
4904487,1629,52410
11982989,1629,55276
9256728,1629,69785
20562763,1629,56147
21134895,1629,38823
20145695,1629,65826
11942948,1629,74359
15180782,1629,38649
1459398,1629,56765
8764886,1629,48719
17589091,1629,51151
1464656,1629,43038
8863760,1629,54562
2136730,1629,79009
10489526,1629,63277
13650140,1629,77807
9358657,1629,51483
21923977,1629,77536
13272046,1629,52019
3854331,1629,56344
13153956,1629,50647
18194894,1629,55082
16827543,1629,53891
849873,1629,62093
5357090,1629,56258
5357090,1629,54846
4412807,1629,42222
9552750,1629,75730
6944968,1629,58184
15598159,1629,45739
9611472,1629,46886
4662015,1629,67522
6189380,1629,53157
2137051,1629,55311
2137051,1629,55480
6748263,1629,69582
9042968,1629,57649
3790946,1629,58098
9593202,1629,69914
6582289,1629,36046
19912692,1629,69803
22407209,1629,63528
13273235,1629,61170
9261200,1629,37405
9261200,1629,36670
9261200,1629,38065
9261200,1629,36081
9261200,1629,39356
9261200,1629,38075
9261200,1629,39032
9261200,1629,39562
17102276,1629,74054
20937327,1629,73351
5985966,1629,66220
3482081,1629,75443
11153212,1629,71396
10757703,1629,60665
16089415,1629,55689
3426950,1629,74290
10636957,1629,75100
13774778,1629,57216
15671670,1629,61106
8160789,1629,56850
20940353,1629,69004
18462369,1629,58765
21551214,1629,71236
19104967,1629,60410
8515181,1629,53932
18340115,1629,51430
8932634,1629,65005
4004750,1629,61636
19701753,1629,32191
3578824,1629,63010
18672509,1629,65522
11667975,1629,69078
6947207,1629,66065
15686287,1629,70474
5587032,1629,63837
14383266,1629,44621
18290487,1629,73635
18385386,1629,33349
10252893,1629,55204
15915653,1629,43992
3361298,1629,74866
10354103,1629,64987
8801184,1629,74073
22013890,1629,42313
20460295,1629,46252
20460295,1629,46069
8552524,1629,69046
16077635,1629,42880
18838240,1629,39014
18838240,1629,60861
12457842,1629,76968
22305376,1629,49266
20462586,1629,73652
6649141,1629,45650
16697064,1629,75205
2549122,1629,51401
20528314,1629,74429
8393276,1629,70109
1989753,1629,56492
6467545,1629,49207
17745932,1629,74284
16198859,1629,59850
8596872,1629,39034
18641872,1629,52865
15969594,1629,40718
15969594,1629,43076
17194193,1629,49482
7423619,1629,46666
15354984,1629,59743
3815450,1629,60082
16158897,1629,40167
16158897,1629,44497
9052681,1629,50801
8531101,1629,58146
7366285,1629,52525
13215663,1629,43080
5570112,1629,77754
19480962,1629,76226
17221199,1629,41929
22068545,1629,50867
15790217,1629,68088
206216,1629,56994
4353259,1629,65921
2722359,1629,73584
14463927,1629,61073
20485346,1629,37801
2796400,1629,78590
19235536,1629,47614
7219770,1629,58047
12668269,1629,67838
13951598,1629,45050
3902368,1629,78056
9850591,1629,77976
8805888,1629,61802
9921716,1629,48372
4634615,1629,71695
10687573,1629,66737
5862724,1629,78404
21901706,1629,67483
6465240,1629,64366
8431888,1629,44808
12621714,1629,66313
11238129,1629,64087
19863494,1629,72754
16124998,1629,50737
538757,1629,54068
13389363,1629,56049
7030845,1629,68321
19382648,1629,40119
19382648,1629,38350
2130857,1629,58647
15802563,1629,76971
20861402,1629,35853
9335217,1629,70991
3494120,1629,34783
13547539,1629,59143
17019222,1629,58947
13859534,1629,61003
17041328,1629,63625
5381317,1629,45972
3910545,1629,71668
12916102,1629,70351
5706294,1629,49457
13798762,1629,59835
16340758,1629,56498
13442814,1629,56781
15970134,1629,66901
13686508,1629,41571
6229724,1629,60043
13680953,1629,68279
14830576,1629,56955
12222288,1629,54141
19194510,1629,41281
14242143,1629,41092
6324965,1629,67064
12840387,1629,67318
1203339,1629,61801
5497849,1629,75418
9136834,1629,50409
19790939,1629,61383
323357,1629,43748
17576782,1629,59019
5006291,1629,49116
19650197,1629,63776
1314246,1629,34384
14212612,1629,72209
10294587,1629,58227
7640329,1629,64182
6675481,1629,63080
12559847,1629,57698
12559847,1629,59995
16013997,1629,38475
8443586,1629,50123
18227119,1629,52818
8656233,1629,77009
12880528,1629,73315
12880528,1629,74007
8422023,1629,69950
19483289,1629,71064
10312407,1629,63461
19129040,1629,45131
18097458,1629,47788
16375235,1629,77566
13070545,1629,36607
17326852,1629,68304
10791776,1629,31986
13230678,1629,75005
1651011,1629,60375
1548155,1629,72351
13817669,1629,54788
10422621,1629,36802
22005085,1629,61874
18585749,1629,57855
8208033,1629,40654
16186855,1629,56884
18358484,1629,55341
1886616,1629,70241
17550501,1629,72462
15739154,1629,75178
13809614,1629,46736
3620371,1629,70831
3620371,1629,78324
16395633,1629,77693
8496384,1629,54680
21658528,1629,65508
17056825,1629,51561
21335409,1629,46216
2228162,1629,73416
328290,1629,39774
9325913,1629,42399
12755923,1629,65234
13490272,1629,75277
13490272,1629,66001
3388133,1629,31654
16857071,1629,77598
20700759,1629,59095
1268819,1629,61471
13805537,1629,52199
8083404,1629,75833
8023253,1629,52266
8023253,1629,53320
319786,1629,44978
15903063,1629,53030
16375886,1629,72356
3404424,1629,64311
15509855,1629,51287
17899350,1629,67005
5325746,1629,71108
21914315,1629,61337
14320681,1629,71111
15795956,1629,41758
15878280,1629,39498
14534637,1629,78214
15839332,1629,62805
16353417,1629,55554
14610438,1629,76470
15453696,1629,75558
2927430,1629,64582
11154794,1629,53790
4263251,1629,67940
21033740,1629,65497
15085796,1629,74075
7655183,1629,51460
6685929,1629,46796
10154758,1629,73520
20082178,1629,58538
4006480,1629,28820
17456862,1629,61308
7046851,1629,78774
13724444,1629,47973
3186284,1629,48081
20561321,1629,45208
12712693,1629,46430
15455850,1629,73893
18034257,1629,47049
5176313,1629,65938
9833012,1629,62143
6973546,1629,61475
20040181,1629,46613
12613168,1629,77284
18816749,1629,44808
2172158,1629,75859
3708284,1629,49274
4630268,1629,72339
13436834,1629,48457
13257760,1629,43467
20965789,1629,47910
7366321,1629,60290
11534527,1629,70424
15635168,1629,72688
11571395,1629,82098
2427910,1629,39976
509561,1629,42043
14901554,1629,47917
17135277,1629,47790
22111698,1629,58247
19815481,1629,47374
21110995,1629,69880
14462491,1629,43836
1877538,1629,75410
15740398,1629,40789
3258697,1629,74985
11216737,1629,47453
22564139,1629,67747
17915589,1629,74285
5437222,1629,58887
12174320,1629,43648
20153518,1629,50296
16469208,1629,61107
16048879,1629,51561
1805349,1629,79059
13193327,1629,32960
6004721,1629,56700
5877207,1629,50975
14045629,1629,74480
4428287,1629,74946
14805136,1629,30127
15788689,1629,59310
2078960,1629,36867
6661922,1629,46577
21395747,1629,61439
19727897,1629,44442
15113345,1629,38546
15208845,1629,54065
18096096,1629,67126
11202805,1629,40344
6947512,1629,74377
5054679,1629,75472
8824245,1629,73660
10974414,1629,71083
22339714,1629,58594
21293800,1629,39243
15593031,1629,60266
6952534,1629,73794
1077633,1629,58195
17072280,1629,44877
17072280,1629,46668
4825815,1629,47363
4549395,1629,63407
20288924,1629,29510
6509533,1629,67933
10414180,1629,59826
18688431,1629,67994
7458375,1629,73310
9965777,1629,64411
13242430,1629,65012
9530878,1629,77371
17101926,1629,61913
1424253,1629,71603
18046862,1629,52420
1359740,1629,60926
19815327,1629,66897
15567130,1629,59589
22577617,1629,58421
12943209,1629,71234
13065265,1629,75267
8250429,1629,59513
22045952,1629,78124
22072073,1629,48152
11396619,1629,70002
7013286,1629,40225
3039821,1629,42153
20214534,1629,34748
19103483,1629,29790
7133356,1629,50992
21261933,1629,41222
20558306,1629,56500
12273140,1629,72842
1425456,1629,31178
20488620,1629,79141
12826789,1629,32475
9985702,1629,46941
20208437,1629,48930
8861187,1629,68928
8861187,1629,69143
5791475,1629,53017
4166427,1629,67950
13431590,1629,51353
11289070,1629,56077
4556893,1629,66527
18245541,1629,47027
16163740,1629,36982
9247633,1629,72321
288295,1629,48360
21746140,1629,38259
5799520,1629,79141
11110634,1629,53781
16095907,1629,48889
15929298,1629,42944
6637116,1629,68721
6131595,1629,37596
14413572,1629,70444
22588935,1629,40466
13822632,1629,72892
20407747,1629,68304
13169118,1629,56806
4200777,1629,38013
19180076,1629,62668
2091943,1629,54644
3918076,1629,53188
12337616,1629,69797
18217641,1629,74801
6280926,1629,76980
18479319,1629,43609
18479319,1629,61587
11366144,1629,64263
20283962,1629,72506
21631395,1629,48084
10654945,1629,74901
9915743,1629,58755
8658120,1629,57480
14392685,1629,51295
3430361,1629,72098
22600152,1629,49758
2037624,1629,67739
8422772,1629,69690
19373366,1629,33984
19373366,1629,73825
12470855,1629,40016
3334601,1629,57178
17932097,1629,47140
21248619,1629,73193
17518610,1629,61463
6058583,1629,62546
21849844,1629,71337
5271433,1629,43255
15410784,1629,63121
7015130,1629,44886
5277249,1629,70646
21811523,1629,52575
8477714,1629,81332
12940567,1629,68695
8073298,1629,73817
19614618,1629,51983
5771257,1629,50418
22398066,1629,64542
17915608,1629,62261
17183073,1629,68338
5169358,1629,67563
17283777,1629,66540
20874806,1629,30186
22319401,1629,47442
1059301,1629,59050
11713256,1629,73032
17665281,1629,58290
7980336,1629,72821
13553225,1629,69529
16009887,1629,79497
20055941,1629,41809
22379797,1629,50667
15678253,1629,67456
4962817,1629,78244
3592675,1629,69372
2360852,1629,55561
5514987,1629,64590
14093987,1629,68447
22386743,1629,39282
22386743,1629,37860
14521602,1629,66576
14458379,1629,78474
12449673,1629,45986
13787794,1629,60555
3922968,1629,63091
18631034,1629,59405
10342159,1629,73463
10687236,1629,36385
1715129,1629,45663
5023912,1629,40391
17538890,1629,62296
11142760,1629,75757
2859742,1629,71467
2859742,1629,66834
10368228,1629,41113
1224178,1629,48012
14517192,1629,58795
10580811,1629,58037
10845170,1629,65727
21759052,1629,40757
9101186,1629,70093
9101186,1629,73906
9101186,1629,68995
9593944,1629,73109
8025136,1629,56183
16134118,1629,47866
6112705,1629,33202
6112705,1629,32930
8500721,1629,46823
8500721,1629,49004
8668384,1629,51786
6991282,1629,66047
6991282,1629,65328
19850583,1629,77271
18612294,1629,52521
11286124,1629,49582
16338484,1629,58899
4147226,1629,66781
11464412,1629,58064
4065901,1629,64487
6176474,1629,61188
3353100,1629,72665
19340380,1629,66354
20331725,1629,60342
7332217,1629,56823
21694871,1629,47716
9352047,1629,59371
9352047,1629,57383
12558152,1629,38053
7392765,1629,48340
9090737,1629,48738
16504776,1629,57897
7653551,1629,53641
7653551,1629,53185
5464090,1629,71105
5969664,1629,34649
18936325,1629,54411
4638066,1629,68869
5359276,1629,74433
9070208,1629,67973
15136903,1629,46819
19082452,1629,55512
20917619,1629,74594
7390587,1629,68097
5855466,1629,59086
9690056,1629,45589
10634512,1629,43729
7010669,1629,70670
13485765,1629,53141
10435668,1629,62473
20602856,1629,70020
9553288,1629,72473
19361456,1629,36424
20730849,1629,38420
21294721,1629,45226
21294721,1629,63568
21294721,1629,62709
4637024,1629,67129
4637024,1629,69175
7776073,1629,64619
4734787,1629,50449
9772459,1629,32889
21648516,1629,40163
20765673,1629,49850
12879919,1629,72948
17727993,1629,35437
13569995,1629,71275
14489126,1629,71662
17409370,1629,46885
14308789,1629,72366
16051834,1629,54374
12559341,1629,49361
18775864,1629,41999
6884327,1629,46086
683853,1629,50989
3395969,1629,73687
20830370,1629,57684
9163322,1629,39675
19599398,1629,43364
15901591,1629,61281
4535589,1629,39297
3541206,1629,69333
1904834,1629,41865
18775505,1629,53745
2958496,1629,75380
4129061,1629,51445
4129061,1629,48314
15956824,1629,73944
7170615,1629,68923
19910637,1629,76897
12023298,1629,64044
14485495,1629,56442
2518142,1629,71355
4960018,1629,63825
12428663,1629,70720
8182760,1629,61677
17764463,1629,74342
11573948,1629,77185
18144651,1629,35663
5987871,1629,45027
12642839,1629,70531
12642839,1629,70231
16533553,1629,60214
7561972,1629,53092
5864575,1629,46286
21070686,1629,73605
2884684,1629,65718
8486769,1629,51171
18113121,1629,71957
18868835,1629,48496
3806833,1629,49558
16379296,1629,55799
298646,1629,52521
298646,1629,52226
15876637,1629,73357
12288906,1629,73306
21495744,1629,77065
9900086,1629,57365
14633881,1629,77270
12584648,1629,79075
8671740,1629,59619
8075651,1629,61286
15722336,1629,57110
14918069,1629,55559
3370565,1629,63954
20867000,1629,39198
3062877,1629,62273
19293288,1629,69711
6742944,1629,63215
20833833,1629,58379
20526375,1629,53396
19828803,1629,67447
4499127,1629,50833
8383962,1629,75243
18518396,1629,62278
3323363,1629,78635
9533501,1629,60064
7675428,1629,38035
13788978,1629,64831
2737100,1629,57163
1524261,1629,51980
16621875,1629,30426
21151283,1629,71312
3756056,1629,37340
17945415,1629,43152
17945415,1629,42118
5398930,1629,55538
3921936,1629,64531
16128714,1629,76944
10089234,1629,72774
14799301,1629,41389
16479438,1629,68612
2018864,1629,41107
5452174,1629,74593
20830996,1629,43903
4592786,1629,68446
12987489,1629,62789
16498585,1629,67015
3723601,1629,45984
21328227,1629,69758
21328227,1629,76972
22338729,1629,56436
1811127,1629,43937
1811127,1629,46578
20859952,1629,66634
12788079,1629,37567
8238597,1629,26779
5429686,1629,41854
7269898,1629,69622
21422393,1629,73980
13229809,1629,60539
5414198,1629,57795
12112614,1629,56832
21260627,1629,37088
14542695,1629,60906
1488067,1629,73997
18357261,1629,48247
13798279,1629,51213
19639088,1629,75018
6019456,1629,69798
5197583,1629,52230
22145020,1629,56437
3819222,1629,50802
12403107,1629,53758
3172404,1629,59954
18013640,1629,39322
21538981,1629,73301
16460410,1629,34111
20037726,1629,49949
16214133,1629,65776
21226113,1629,74802
14435047,1629,48365
7431461,1629,72308
4810499,1629,33121
19865681,1629,61012
19865681,1629,59436
15240610,1629,66497
1426052,1629,62925
6996959,1629,57780
12993108,1629,35743
6944783,1629,41185
5998562,1629,65167
17626840,1629,51403
12340273,1629,68495
21003145,1629,49969
5746784,1629,60379
15292261,1629,60222
3005402,1629,38862
22524348,1629,78346
22524348,1629,77965
5470662,1629,45776
17933070,1629,67807
9859574,1629,57960
14037761,1629,64088
9415310,1629,57849
14573554,1629,76554
4431617,1629,61065
849056,1629,28987
18325688,1629,51961
1776512,1629,69727
1776512,1629,71678
1776512,1629,69378
1448319,1629,57953
13543605,1629,49453
16822323,1629,75828
21882005,1629,71346
9597723,1629,39299
20701273,1629,73043
9869361,1629,78650
3997026,1629,43766
15290125,1629,57629
15085081,1629,53846
10931495,1629,71936
2187549,1629,54355
2271229,1629,51510
10288746,1629,40465
693182,1629,33615
8977138,1629,58545
1877202,1629,58459
14988218,1629,40126
18728783,1629,54198
12955266,1629,59405
8525751,1629,47268
14614871,1629,78565
13160515,1629,68952
8143097,1629,44964
17841115,1629,71410
1806445,1629,54444
1443261,1629,49410
2427719,1629,63299
14688150,1629,41877
18924147,1629,73921
22127273,1629,60597
7523365,1629,61604
19294495,1629,66316
2489007,1629,57660
17130966,1629,57673
8559285,1629,54296
1333451,1629,47230
3270177,1629,65023
4065213,1629,56029
1338108,1629,69112
11920441,1629,60346
20994730,1629,39907
21828662,1629,70912
20184282,1629,67359
21123306,1629,63493
21123306,1629,58277
14280268,1629,60451
848029,1629,73891
3719936,1629,43983
2368915,1629,42420
8283998,1629,57090
5379562,1629,46959
11460334,1629,37377
10000078,1629,76941
15757675,1629,29762
1748565,1629,37030
8772165,1629,71069
9157106,1629,46247
8134099,1629,36368
10848460,1629,58780
12409879,1629,70248
16817958,1629,41331
17652099,1629,35355
14180336,1629,50111
20105022,1629,42567
14315341,1629,46417
2872608,1629,69419
21197045,1629,77221
20380089,1629,52317
2530537,1629,50586
6494542,1629,33847
886687,1629,53419
20785174,1629,50477
1514864,1629,36235
1514864,1629,37412
1240920,1629,47121
1250073,1629,55023
2367199,1629,62839
18029704,1629,32592
13943612,1629,61809
20835017,1629,73873
3400457,1629,53245
3400457,1629,54269
11117453,1629,29437
16255587,1629,78157
16320258,1629,58616
2941923,1629,62359
15647759,1629,49611
20556092,1629,48765
823804,1629,69574
21623155,1629,55400
21623155,1629,54325
11531963,1629,63874
7700443,1629,40221
4453256,1629,64480
8059649,1629,76798
6247716,1629,72744
4518271,1629,47864
15540207,1629,75015
14210528,1629,42630
19793097,1629,63137
6888530,1629,39720
19912927,1629,40264
8538036,1629,64297
19977212,1629,69935
945004,1629,72666
8213281,1629,49749
14034368,1629,60075
17308534,1629,74072
7320546,1629,43038
8352272,1629,60714
11520628,1629,66710
7139145,1629,66042
21981233,1629,61757
19518355,1629,52985
18395815,1629,61224
3889146,1629,53317
4462325,1629,52194
4462325,1629,51176
5291301,1629,38071
7686241,1629,54102
12517054,1629,32981
20987226,1629,58709
2746981,1629,47063
7476528,1629,77540
9708614,1629,35538
18833191,1629,51099
22485730,1629,44150
10296115,1629,44821
12473465,1629,34911
4347734,1629,65386
19168743,1629,57104
19168743,1629,53737
7577841,1629,50640
4860278,1629,54574
19277163,1629,77527
3840050,1629,73280
955573,1629,43682
5530066,1629,48241
3272997,1629,63073
21022738,1629,47288
4381913,1629,56220
20004229,1629,51352
18087163,1629,44260
7627693,1629,37145
13689501,1629,66665
12999785,1629,50162
2108223,1629,75498
21665831,1629,67079
17771863,1629,72032
8946817,1629,48024
18947651,1629,76208
5762246,1629,77507
22615346,1629,60246
6816199,1629,69193
1075968,1629,73175
21869789,1629,39516
1478962,1629,65904
16401683,1629,48196
16072899,1629,33405
21176218,1629,67514
4439024,1629,62897
19395776,1629,55521
4933634,1629,53983
2813550,1629,55234
17052251,1629,50790
8503806,1629,35650
93860,1629,46403
6704083,1629,44767
801598,1629,72585
2269714,1629,48123
12474968,1629,66639
10245977,1629,78705
1772094,1629,52771
18586990,1629,63120
16831811,1629,73230
1338621,1629,70541
19580815,1629,54412
344265,1629,69623
3362586,1629,72589
6753820,1629,63459
5734343,1629,40503
7706870,1629,61590
13200348,1629,55242
251494,1629,75708
4516158,1629,44878
14985183,1629,77242
17596461,1629,68091
14626948,1629,73770
21327687,1629,72650
20145172,1629,41046
1575342,1629,62683
20180409,1629,77868
15652238,1629,65364
13277234,1629,53251
19456525,1629,58643
19456525,1629,64507
18619903,1629,70895
19336147,1629,42067
11135658,1629,38253
11135658,1629,37184
8437515,1629,39812
5350355,1629,61828
5417906,1629,63948
15700430,1629,55433
6101581,1629,27726
13599887,1629,76385
10187768,1629,43676
16921227,1629,63519
6276549,1629,71924
16921227,1629,32254
21862824,1629,54196
3443070,1629,70544
22176813,1629,59659
7502891,1629,40830
14205097,1629,68468
10488540,1629,53476
20983534,1629,49011
16297725,1629,55402
9061017,1629,70588
2722916,1629,63462
15911885,1629,79138
17751482,1629,53757
17751482,1629,53368
21781638,1629,55529
14744156,1629,49462
20245218,1629,70413
9690205,1629,45540
15678496,1629,43471
13527598,1629,68531
1536036,1629,49844
21604331,1629,51114
12576718,1629,73991
4121284,1629,41424
1016707,1629,68781
11226136,1629,78072
3168498,1629,43335
19371607,1629,55887
17530155,1629,56865
22436155,1629,56727
11694771,1629,29668
16747419,1629,44820
13351208,1629,38760
13351208,1629,39316
11242700,1629,40519
16417616,1629,38493
14663701,1629,74250
16278928,1629,49964
1914254,1629,51563
10388109,1629,53116
1175650,1629,68371
7924689,1629,58860
3478481,1629,67752
21460488,1629,43146
13309024,1629,49262
21109293,1629,69938
10349896,1629,73155
20836779,1629,61606
20836779,1629,49158
14962239,1629,50371
9788641,1629,79164
1564915,1629,62830
13797128,1629,47674
19374655,1629,77634
2162465,1629,37225
12974473,1629,43036
5545274,1629,63585
8710745,1629,55137
14675080,1629,53777
9635437,1629,75084
9652034,1629,70746
14807024,1629,73742
6662466,1629,73349
10877178,1629,57003
15830961,1629,53912
1591407,1629,79141
21126518,1629,39231
8673889,1629,53682
17611296,1629,40535
20331651,1629,54488
14856728,1629,47336
13411603,1629,64793
21074896,1629,68712
21074896,1629,69068
14480145,1629,40206
3746892,1629,72881
7568304,1629,58523
8280160,1629,68877
11852178,1629,77733
7833080,1629,50937
2258163,1629,37694
1564626,1629,38844
2774035,1629,63774
1241010,1629,49710
13003634,1629,76469
4611248,1629,54178
18882336,1629,76950
6099491,1629,55840
7435314,1629,63144
1205024,1629,72214
5524437,1629,59416
813597,1629,73939
13685871,1629,50270
14703294,1629,60696
11025315,1629,70454
16656928,1629,36244
1832978,1629,48256
18258123,1629,60340
18258123,1629,59618
15879704,1629,57228
1589646,1629,54173
1157813,1629,59653
10792165,1629,58073
19865134,1629,69646
14125157,1629,73717
21638790,1629,54755
14140433,1629,56505
682642,1629,67447
20896008,1629,63133
5062565,1629,37401
15421760,1629,32688
17920077,1629,62367
289115,1629,37541
14735269,1629,58925
14583084,1629,67680
22214598,1629,44458
11936743,1629,48202
243427,1629,34088
243427,1629,31705
9267297,1629,66536
20920165,1629,40851
20920165,1629,43000
3322211,1629,69868
4954896,1629,68591
18263563,1629,53727
9084051,1629,65866
11831737,1629,33024
16389774,1629,51686
18332691,1629,36399
10474377,1629,56915
13105424,1629,46305
11247904,1629,64642
842116,1629,63614
22587936,1629,73694
13715329,1629,62585
15173740,1629,75855
9138621,1629,51147
21717644,1629,49072
3495748,1629,77863
20103242,1629,66843
15331429,1629,38372
12741846,1629,38905
8868874,1629,65698
20221073,1629,40950
3544254,1629,53836
17245011,1629,53218
12274650,1629,63751
11744290,1629,57874
2690733,1629,40056
2690733,1629,37878
19537162,1629,41638
13961502,1629,40711
14471267,1629,41786
15302913,1629,69414
10251923,1629,60754
13616053,1629,37242
8255377,1629,70124
10780653,1629,53884
2682816,1629,44581
17404542,1629,50829
18990230,1629,60927
18990230,1629,58235
2165734,1629,37495
11701583,1629,61417
14760388,1629,66898
14760388,1629,68717
8278153,1629,33700
2371686,1629,68591
22220558,1629,55565
3846028,1629,58817
4187525,1629,52554
6816298,1629,62592
22381516,1629,62077
4826980,1629,72571
7418633,1629,67678
16963856,1629,77858
6186898,1629,58033
6186898,1629,63025
16327185,1629,61919
758303,1629,62386
3953560,1629,54859
3905766,1629,51203
14709188,1629,69414
14642467,1629,66765
721042,1629,71657
12827253,1629,54763
15224311,1629,44921
3169266,1629,50380
11923224,1629,61688
10038848,1629,70406
10038848,1629,68512
12894675,1629,57562
10961237,1629,31565
7339781,1629,74285
18116385,1629,76834
18743405,1629,73175
6311044,1629,57323
6821367,1629,73987
7627777,1629,47046
7469455,1629,49412
366938,1629,78269
7581309,1629,65734
774448,1629,69931
21117450,1629,69240
671879,1629,64401
4915298,1629,59759
7633474,1629,60120
19429509,1629,64069
21212596,1629,52558
6280964,1629,75393
11747632,1629,70119
17251522,1629,54797
5642931,1629,42840
18069650,1629,57153
19858203,1629,54476
20763121,1629,46782
20763121,1629,45519
14235884,1629,48197
1260261,1629,73270
10840281,1629,59620
19287128,1629,57733
21349617,1629,66206
8017837,1629,71586
10057480,1629,36414
13667640,1629,46253
17998011,1629,77947
12709327,1629,49229
1503417,1629,39534
1563288,1629,47185
18989405,1629,73392
21704510,1629,58885
14972926,1629,52232
15505576,1629,72944
15505576,1629,72160
9265881,1629,56238
13631656,1629,58795
22505694,1629,55133
15400974,1629,73211
12383929,1629,58630
7788023,1629,69858
8693551,1629,68785
1603576,1629,63911
596327,1629,61127
4586604,1629,65666
19025684,1629,60020
19025684,1629,55792
15154768,1629,70458
3562416,1629,75553
3562416,1629,74088
2119180,1629,71558
13695930,1629,56177
6643569,1629,66059
12591018,1629,59873
5475031,1629,64728
941410,1629,62221
16399213,1629,37731
9292037,1629,60229
6253307,1629,54459
14271167,1629,45629
15426345,1629,78675
4068786,1629,71506
16654313,1629,56793
14897910,1629,67253
13870877,1629,76942
17714944,1629,44695
127461,1629,67400
18069619,1629,73960
7308846,1629,74622
14414128,1629,56128
15576026,1629,61903
11970874,1629,69045
2986273,1629,51374
9019511,1629,42348
13619860,1629,76035
2070190,1629,71157
2914416,1629,56868
2800070,1629,61384
6502093,1629,41898
17870534,1629,37780
6200998,1629,57340
16016009,1629,46342
6568172,1629,57365
16717433,1629,57332
7214970,1629,50788
7167524,1629,57840
7167524,1629,59329
13784180,1629,39694
13784180,1629,41529
10278684,1629,73177
4677560,1629,78958
4677560,1629,78276
4677560,1629,76435
18224629,1629,76750
14770433,1629,46889
3943367,1629,50059
11493522,1629,72896
1134051,1629,61115
14069143,1629,58364
10093440,1629,70058
16477347,1629,35757
3772409,1629,54877
4406406,1629,55931
16717490,1629,64287
12759846,1629,65154
15745835,1629,64520
1682661,1629,57282
8316879,1629,48886
13885178,1629,62510
3808657,1629,45710
3509039,1629,31452
1344447,1629,47408
5339913,1629,63502
12013965,1629,65820
9866249,1629,72181
14565634,1629,78765
15096460,1629,44706
1080619,1629,58607
8965078,1629,52714
16415615,1629,62007
20975605,1629,72024
11801098,1629,53738
18609386,1629,61277
15984238,1629,42655
4838316,1629,36574
13897034,1629,37599
12886152,1629,68437
10769053,1629,65413
10011,1629,72428
16684918,1629,59113
5277444,1629,65536
13307000,1629,64515
21237942,1629,64680
5114157,1629,74418
16306907,1629,59560
18635404,1629,76973
12927171,1629,40512
11777572,1629,63296
3041357,1629,56919
8196539,1629,62873
1450786,1629,63774
17415596,1629,34470
17415596,1629,32355
1337662,1629,36148
10757465,1629,51725
16066559,1629,37638
344529,1629,73428
9064268,1629,77606
18013022,1629,56299
14409773,1629,75974
1805067,1629,54767
4116145,1629,55689
8806036,1629,77039
615824,1629,58114
17952891,1629,71536
5336763,1629,65062
11486378,1629,47282
1805067,1629,44498
14963770,1629,74474
2593806,1629,70585
4570375,1629,74686
5870118,1629,60598
6693588,1629,61576
13492306,1629,46631
9323377,1629,75282
8997441,1629,37529
11405700,1629,78086
10315250,1629,53103
7138242,1629,73978
10315250,1629,52401
10132624,1629,44020
14527423,1629,50948
8257939,1629,58937
5190428,1629,41848
5932883,1629,58733
5169131,1629,43443
14564432,1629,41539
6081463,1629,59127
3286009,1629,73764
18271042,1629,49955
20538319,1629,48786
22016306,1629,56747
19369927,1629,76459
9907860,1629,57376
15990395,1629,74644
13291228,1629,59668
7139962,1629,60895
6840973,1629,38316
15656142,1629,61741
1166462,1629,33293
13351213,1629,68069
4596110,1629,59533
11642526,1629,56245
10997821,1629,74643
618406,1629,62762
5980077,1629,29547
5980077,1629,30236
5980077,1629,62159
9850622,1629,65705
1780478,1629,67115
1369937,1629,71519
17320407,1629,40817
15536116,1629,37802
7279202,1629,36935
11090996,1629,45198
17311617,1629,64075
21941186,1629,44546
8321600,1629,66943
13639325,1629,56099
19584795,1629,77565
18430870,1629,55353
21518685,1629,73049
4652887,1629,66130
18102506,1629,76447
11455261,1629,59020
3221920,1629,73127
3918119,1629,40010
17666076,1629,34481
13314094,1629,65036
13117843,1629,63471
18643201,1629,75975
13489213,1629,55763
11802841,1629,67963
21080319,1629,69913
10212409,1629,56071
19013166,1629,52962
2054382,1629,50703
16064751,1629,66395
13272190,1629,70214
9314549,1629,74714
18501948,1629,73979
11661033,1629,47492
2859116,1629,38120
18246711,1629,60432
15475812,1629,38218
15475812,1629,38050
13104365,1629,77382
5954090,1629,76510
10630159,1629,47566
19774107,1629,73389
3386286,1629,52637
20515155,1629,47235
16921595,1629,31083
9987465,1629,69924
9987465,1629,43142
17977896,1629,74565
17619853,1629,31361
17563517,1629,47203
19743990,1629,65508
20681825,1629,58488
22611199,1629,63071
18106480,1629,60212
15293135,1629,71565
15293135,1629,71279
6377435,1629,74357
6377435,1629,74667
19246073,1629,64083
7631032,1629,70486
18863561,1629,71977
13872603,1629,61559
4421208,1629,78890
12413369,1629,70350
5366607,1629,74585
21888234,1629,51213
13735565,1629,46091
5272613,1629,75367
21967880,1629,63059
21448938,1629,40432
14147212,1629,62276
15202810,1629,38721
1845640,1629,57667
2930206,1629,33393
10819606,1629,52403
2970810,1629,76377
19229152,1629,66932
19689302,1629,44567
11056039,1629,45953
11056039,1629,43731
6653301,1629,30573
2090031,1629,39514
6225637,1629,76279
6448222,1629,36775
6869410,1629,39623
2078981,1629,36018
2078981,1629,37330
16707224,1629,66611
17091362,1629,48515
17091362,1629,46919
12022704,1629,40230
12022704,1629,41373
3403846,1629,53407
11965177,1629,64724
6867618,1629,57577
5131586,1629,54798
20797742,1629,78943
7276157,1629,79222
15088105,1629,55659
371565,1629,48358
17755670,1629,56771
9640923,1629,72223
6691007,1629,50801
4036036,1629,57200
11386908,1629,47279
6246329,1629,69673
19048034,1629,43895
17918197,1629,73510
15280833,1629,74447
9532599,1629,68190
12879120,1629,42194
2659265,1629,56699
11093725,1629,57793
21039265,1629,74963
21039265,1629,72410
7290023,1629,50866
11951939,1629,62536
19226836,1629,65589
19226836,1629,64910
19226836,1629,68977
20101041,1629,68840
1123568,1629,52899
13421037,1629,53289
6885538,1629,75222
15522618,1629,37034
12533973,1629,63665
15594064,1629,70727
12353387,1629,66553
10000542,1629,62283
4641050,1629,51116
12015299,1629,64613
11501793,1629,70000
11501793,1629,69706
4745850,1629,69110
21062489,1629,73002
11172099,1629,56401
22168905,1629,64230
18714183,1629,56751
9407896,1629,41034
14303082,1629,62886
7833277,1629,43691
19049345,1629,55208
4621137,1629,60989
21981936,1629,52314
20278892,1629,65573
4439323,1629,62210
4567083,1629,72327
20734745,1629,59124
10811246,1629,78572
6465692,1629,40642
22595828,1629,37277
7630368,1629,60826
9285337,1629,76867
13103058,1629,52350
18948335,1629,50179
20772112,1629,61593
18191344,1629,76885
4734102,1629,39315
10265899,1629,72573
13182180,1629,76881
3547889,1629,65470
5291231,1629,54990
7346558,1629,78214
18762994,1629,69811
10495263,1629,45723
12337073,1629,52299
3468268,1629,69248
7626334,1629,76550
5623451,1629,74638
21546254,1629,45530
14590780,1629,51164
14541240,1629,73706
15631320,1629,71164
21658506,1629,47397
12820586,1629,32748
5205915,1629,43615
5205915,1629,68180
4281100,1629,69533
19623279,1629,66477
17235519,1629,61074
13523221,1629,34082
5568867,1629,66649
1997792,1629,43101
18885937,1629,57293
20108466,1629,48661
18885937,1629,44821
10788390,1629,56744
18885937,1629,30582
612317,1629,37899
2226759,1629,41768
15031672,1629,64086
12900969,1629,38345
12900969,1629,42326
13721738,1629,48343
11384432,1629,57089
22017285,1629,50579
5183008,1629,76370
15709387,1629,46937
4985514,1629,46158
4985514,1629,45846
11786837,1629,33480
7825099,1629,66407
11313712,1629,43035
10437201,1629,73052
3263556,1629,61336
2641877,1629,50598
18176423,1629,74902
1071235,1629,43443
1546109,1629,34826
10072479,1629,66459
6574113,1629,58137
5181124,1629,65226
9666201,1629,62654
2977982,1629,67918
17620585,1629,37697
21442939,1629,77796
15149375,1629,78696
4409996,1629,44813
4409996,1629,48487
10629231,1629,51853
7033427,1629,49432
7033427,1629,53142
14969649,1629,73235
8383977,1629,54018
8383977,1629,67149
8383977,1629,74783
2840704,1629,69192
3673927,1629,60195
1895262,1629,66019
12354490,1629,77490
2887750,1629,73173
10249290,1629,48647
7027852,1629,75740
7850564,1629,37393
7850564,1629,64662
14315699,1629,51938
20907985,1629,61927
2145277,1629,46261
5222572,1629,64762
20589726,1629,73623
15878187,1629,68719
1438237,1629,63902
1684158,1629,53362
20907706,1629,51137
6718550,1629,39837
18160300,1629,60430
9135299,1629,36500
9676472,1629,39714
10732473,1629,50824
2420762,1629,43595
20497029,1629,54092
19640007,1629,58281
22420079,1629,54529
17249568,1629,55081
19971546,1629,78914
15164962,1629,56405
13471617,1629,45099
653972,1629,71184
3522384,1629,41906
12406483,1629,70780
1280210,1629,50049
919937,1629,68647
12218818,1629,72081
13191290,1629,73748
3716273,1629,70836
1438095,1629,58643
723989,1629,52864
5938171,1629,66602
7431867,1629,68463
17294604,1629,49992
16414267,1629,66333
8404279,1629,72445
9437102,1629,65974
22171327,1629,67439
17486264,1629,57270
5783465,1629,57897
16122628,1629,37544
11543739,1629,53344
1468756,1629,57522
18269078,1629,69046
14925515,1629,53546
1423845,1629,34550
14396865,1629,63309
18383875,1629,35348
6065171,1629,59458
5948749,1629,75117
19253859,1629,59822
361551,1629,62246
5787172,1629,67129
870564,1629,33517
18301573,1629,42603
3042642,1629,62814
6938419,1629,72694
12262327,1629,63428
16383805,1629,64484
8030818,1629,49094
6564763,1629,62490
9298392,1629,71068
9298392,1629,72017
654447,1629,57663
15007998,1629,42120
21431641,1629,61444
9308020,1629,59222
10159904,1629,68958
5041191,1629,74046
20547417,1629,59106
6044619,1629,67383
7731409,1629,39361
5040732,1629,49668
11826058,1629,42526
9439210,1629,73779
10477345,1629,78851
12864069,1629,46669
19314888,1629,69123
11601266,1629,73601
4374503,1629,55184
14115295,1629,51122
16822664,1629,67824
4588399,1629,38206
15930274,1629,40745
8303999,1629,48028
19290152,1629,66013
4023794,1629,78905
4023794,1629,76920
17203980,1629,56771
20972939,1629,50442
15592382,1629,76793
3641428,1629,49905
5732429,1629,56705
16792058,1629,73630
11014960,1629,71535
2698237,1629,72940
8040494,1629,55408
5273158,1629,66717
8364342,1629,66750
7329259,1629,46757
17911072,1629,72576
7803894,1629,74463
14662520,1629,60728
7204492,1629,48319
12846048,1629,67645
15954601,1629,37153
8724293,1629,42190
19485937,1629,44771
2502212,1629,69434
3953137,1629,76473
12866680,1629,52890
22498077,1629,68794
16347226,1629,37790
2801393,1629,35400
21498422,1629,72648
21498422,1629,73441
4272093,1629,59956
1726833,1629,78731
17654195,1629,60068
14383133,1629,68807
21896448,1629,47318
9593941,1629,70585
18588459,1629,35215
15707489,1629,54763
10354644,1629,46331
16567672,1629,62801
14185202,1629,48049
14185202,1629,47560
22498774,1629,47701
13788862,1629,69469
5254672,1629,57044
3427394,1629,65785
9840727,1629,55660
11782644,1629,78621
10611955,1629,70047
5529358,1629,71391
18291923,1629,57084
10385047,1629,37094
3997616,1629,60347
9313142,1629,54844
9313142,1629,62786
16070661,1629,74218
5971140,1629,67586
5971140,1629,62702
47261,1629,45558
10192687,1629,32817
17649482,1629,74009
19955096,1629,76456
839230,1629,76823
19119421,1629,63922
16791788,1629,42825
485335,1629,74026
21058902,1629,39646
10530095,1629,73187
14981243,1629,53794
8010192,1629,57933
16779339,1629,74380
9802564,1629,39214
20967393,1629,76114
966319,1629,41900
232996,1629,62654
14432901,1629,74272
5679809,1629,48914
10965097,1629,40076
18143506,1629,56591
2789088,1629,48052
1704763,1629,40036
22612329,1629,78433
4820947,1629,76108
1749644,1629,62360
5148648,1629,39880
8474360,1629,64447
16125530,1629,58750
3407065,1629,75690
9753347,1629,71562
18506488,1629,74438
323025,1629,52038
1226733,1629,63013
16190719,1629,69813
4142087,1629,53745
18935411,1629,62402
5474321,1629,62150
6349427,1629,40783
12385077,1629,58524
14191833,1629,64513
11276490,1629,46212
18915842,1629,60407
11604326,1629,41122
11604326,1629,38337
13630965,1629,58189
18694677,1629,33144
480897,1629,70219
5611599,1629,57520
16456745,1629,65536
9281300,1629,54051
22201702,1629,61433
4845280,1629,35258
14546544,1629,64679
9460398,1629,59482
13339915,1629,71241
16718053,1629,47000
15048517,1629,62847
4327326,1629,66179
1404694,1629,42328
19128230,1629,41608
11590460,1629,44888
5120251,1629,56285
11595444,1629,55963
1597008,1629,50245
1483847,1629,50280
10238947,1629,37612
2069218,1629,67715
12016625,1629,55828
17335277,1629,58757
17335277,1629,59950
6447046,1629,57642
19596215,1629,33744
19449172,1629,37785
12675446,1629,48888
20527737,1629,69581
11437357,1629,47263
19042932,1629,36754
9192697,1629,56130
14412846,1629,59378
18390734,1629,63522
13098767,1629,55065
4955476,1629,63208
2857180,1629,69766
12891050,1629,44359
14526229,1629,29916
6247101,1629,78979
16388938,1629,51747
12520167,1629,69540
12654860,1629,76758
1024122,1629,50647
690502,1629,47089
14116567,1629,36193
14116567,1629,36105
12717895,1629,78751
10209216,1629,68479
10103495,1629,69894
22342344,1629,64003
22121431,1629,31989
21216429,1629,53256
1041012,1629,42052
17990155,1629,59840
14860161,1629,49522
20975961,1629,60624
21309970,1629,76096
1759276,1629,52730
4885158,1629,58244
6369622,1629,57741
9314020,1629,37373
20360641,1629,54137
20189647,1629,73122
20792013,1629,67007
17989241,1629,77627
17008794,1629,63869
14263453,1629,75813
19423392,1629,70472
14957866,1629,50274
10584062,1629,36970
10584062,1629,36545
8509558,1629,54331
18276464,1629,40273
6861738,1629,60886
3690082,1629,36749
18909226,1629,42795
5661893,1629,37735
20456843,1629,58276
90112,1629,78287
16278944,1629,69204
6906164,1629,63119
10236739,1629,62907
10236739,1629,62180
5318213,1629,57708
5318213,1629,57650
14069604,1629,72870
5976195,1629,67157
10443893,1629,75506
5691699,1629,44511
6618157,1629,80487
20991928,1629,67777
852107,1629,46696
18473426,1629,63009
10590096,1629,52805
19239898,1629,65121
15641861,1629,47664
20211082,1629,58243
16255957,1629,75192
3578136,1629,68003
3578136,1629,66356
11935163,1629,54647
5242464,1629,56307
17621103,1629,66724
181239,1629,76857
22137613,1629,39638
14986539,1629,71708
15226123,1629,60623
20024153,1629,51199
8915943,1629,75101
2934021,1629,53606
2156318,1629,78289
6556295,1629,74000
22113722,1629,75155
12916944,1629,46275
7235640,1629,64456
12393721,1629,51831
12393721,1629,53806
13729926,1629,66648
17405640,1629,58264
16220491,1629,43384
14278176,1629,71280
7961876,1629,56215
1305802,1629,51329
7648810,1629,65864
20753026,1629,60183
16774632,1629,29178
3085336,1629,46525
3341947,1629,62588
19469209,1629,69304
899525,1629,47804
6263413,1629,68200
22004126,1629,56505
15672179,1629,70658
13445679,1629,56232
18664274,1629,61526
19068727,1629,63534
1749899,1629,69615
17695304,1629,54347
4400850,1629,56443
1549427,1629,68260
903139,1629,36693
14300232,1629,57299
19620378,1629,73976
3864059,1629,56031
13223473,1629,54137
16211214,1629,55406
12758752,1629,65607
2072722,1629,46048
13267407,1629,57301
26194,1629,61744
3513223,1629,59789
4084353,1629,75841
15614822,1629,41575
22263539,1629,69259
19648501,1629,61086
9791835,1629,66098
11077147,1629,65086
13896096,1629,73333
9687068,1629,74286
2476256,1629,56392
1282579,1629,40299
3040683,1629,61816
4904097,1629,35845
2673799,1629,77874
8333787,1629,71737
14382048,1629,50015
20702570,1629,62053
9040571,1629,57580
21404455,1629,62907
5743906,1629,39685
8752173,1629,65321
18562695,1629,57531
10450802,1629,35378
7399958,1629,56499
15175758,1629,39505
7892396,1629,55073
13258601,1629,65734
15295540,1629,50946
3408858,1629,33335
3939445,1629,62958
7238842,1629,52926
6104775,1629,55934
8314191,1629,78628
6986004,1629,58296
14698120,1629,45888
1293247,1629,58728
19981608,1629,54594
287690,1629,78026
14567284,1629,75505
381884,1629,61297
1399859,1629,63467
1399859,1629,45494
1850980,1629,42041
98205,1629,76202
98205,1629,77831
5295919,1629,58034
2145596,1629,57924
15303927,1629,76898
10283684,1629,54760
19028581,1629,75091
10011505,1629,50553
1820680,1629,42552
2259799,1629,43617
8434636,1629,75903
18966363,1629,67151
19711731,1629,75430
9108388,1629,62875
8681890,1629,73041
667742,1629,52917
17441297,1629,33990
3140315,1629,72694
19701275,1629,64900
19998439,1629,49904
22599401,1629,51811
7976150,1629,74093
12052949,1629,45049
8277457,1629,60309
16246916,1629,65183
14154425,1629,64720
1053757,1629,57245
16700783,1629,59342
17120219,1629,78220
20545223,1629,37716
13525819,1629,54349
20545223,1629,57656
2519392,1629,72137
239938,1629,50040
17922254,1629,54370
3851451,1629,73197
9302927,1629,73273
9302927,1629,54956
2987491,1629,46841
19719562,1629,50476
9440260,1629,38270
12376346,1629,42057
4369164,1629,74398
12376346,1629,47194
8633976,1629,46645
8633976,1629,41450
5135022,1629,69928
14955327,1629,73419
15788188,1629,57402
21274046,1629,42094
13078568,1629,75308
4611389,1629,57166
10544462,1629,63741
10544462,1629,61933
12991471,1629,71798
16150478,1629,75876
12541727,1629,52753
21240501,1629,43089
17304963,1629,54295
8676398,1629,30496
12792491,1629,39692
14293703,1629,73020
22370801,1629,78174
16981600,1629,77533
7397071,1629,55282
2748429,1629,69987
12441205,1629,68001
8840675,1629,58473
7200480,1629,40713
21428979,1629,40638
7658654,1629,47608
11488390,1629,35732
4248371,1629,42098
16467760,1629,60993
2153602,1629,71332
20758918,1629,71288
19129077,1629,72342
15508609,1629,56731
17624944,1629,48146
18647218,1629,45046
8007492,1629,47053
21309274,1629,39378
13200522,1629,79155
15057915,1629,77394
429690,1629,40230
15353693,1629,48389
8953224,1629,64014
1206449,1629,77514
1206449,1629,81935
11739867,1629,71769
22326754,1629,67946
16085959,1629,36851
19408526,1629,68332
19408526,1629,71764
8166226,1629,52336
20831727,1629,57485
11731932,1629,66880
11731932,1629,65141
18344666,1629,57089
20766522,1629,75211
17987977,1629,77048
17126065,1629,47916
5493924,1629,47580
5493924,1629,47219
6518533,1629,64099
16315898,1629,70618
16777967,1629,76262
8090073,1629,73335
13825621,1629,46941
21041623,1629,68145
4744256,1629,45116
8605549,1629,72541
17234246,1629,75454
14490674,1629,72372
5585471,1629,48000
10591875,1629,52696
21385305,1629,57724
3743571,1629,32318
6677601,1629,49394
6395933,1629,71271
19122339,1629,58176
21799529,1629,73225
2429260,1629,68086
4467903,1629,59364
17320670,1629,56695
16594559,1629,47603
22288140,1629,78216
20816100,1629,70152
5974371,1629,47593
15910372,1629,59494
18351077,1629,70101
11524018,1629,64400
12196727,1629,51624
21196083,1629,73955
20171188,1629,53360
1042801,1629,56864
6938299,1629,54999
7519559,1629,59551
7236143,1629,74310
7236143,1629,74973
8730413,1629,52620
21327537,1629,63298
5922940,1629,74969
4932794,1629,75681
4932794,1629,76029
4932794,1629,76728
4932794,1629,78367
15626054,1629,55240
1346716,1629,65530
11345392,1629,65779
7747119,1629,56119
15184387,1629,51709
3874926,1629,48561
18367396,1629,68789
539433,1629,29551
16731031,1629,73968
8722422,1629,69758
12173653,1629,51883
3144688,1629,49096
12416986,1629,48636
4850103,1629,51550
18650376,1629,72953
18650376,1629,73169
11427915,1629,66926
20718493,1629,64114
2559165,1629,69720
2559165,1629,69563
19299768,1629,53512
19149260,1629,73499
12259057,1629,64993
9994285,1629,62850
7080190,1629,43018
17755526,1629,46036
20651979,1629,68590
17475805,1629,44661
10839045,1629,71239
12700720,1629,47917
5826974,1629,72443
10800429,1629,75014
19534663,1629,67263
15308897,1629,51331
20959213,1629,46772
18097915,1629,73421
14454621,1629,55328
13463354,1629,52989
4595174,1629,63867
10771553,1629,58786
4152473,1629,30508
7312786,1629,38803
10750086,1629,32687
9625737,1629,56453
12059840,1629,61580
13007995,1629,43520
10493556,1629,34886
14811135,1629,49279
4968100,1629,42170
8310237,1629,66424
17246336,1629,65812
10890930,1629,42027
14893001,1629,75714
1684489,1629,75844
4281623,1629,61356
12911200,1629,77343
9201550,1629,57293
7379468,1629,51480
3684219,1629,74712
10061072,1629,74124
7841538,1629,61884
1696656,1629,39073
11137631,1629,67588
4320702,1629,64371
1642174,1629,66415
7276583,1629,56538
16635542,1629,54387
10817482,1629,60088
7213525,1629,64662
21825706,1629,43038
9121884,1629,73223
22309883,1629,69082
921013,1629,59250
921013,1629,78048
921013,1629,64624
921013,1629,68979
921013,1629,61756
921013,1629,68650
921013,1629,62586
921013,1629,65991
921013,1629,64388
921013,1629,61860
921013,1629,65093
921013,1629,79101
921013,1629,64292
921013,1629,66633
921013,1629,65143
921013,1629,66950
921013,1629,59178
921013,1629,66992
921013,1629,65085
921013,1629,65956
921013,1629,69908
921013,1629,69004
921013,1629,67036
921013,1629,64811
921013,1629,63917
921013,1629,56011
921013,1629,56918
921013,1629,58594
921013,1629,64793
921013,1629,63454
921013,1629,73494
921013,1629,66267
921013,1629,55765
921013,1629,65484
921013,1629,58603
921013,1629,61832
921013,1629,74105
921013,1629,75535
921013,1629,64781
921013,1629,71121
921013,1629,64065
921013,1629,50833
921013,1629,67080
921013,1629,63276
921013,1629,62820
921013,1629,68814
921013,1629,58899
921013,1629,64775
921013,1629,69852
921013,1629,64634
921013,1629,59885
921013,1629,67835
921013,1629,60631
921013,1629,64291
921013,1629,65402
921013,1629,67293
921013,1629,63914
921013,1629,65591
921013,1629,66584
921013,1629,71183
921013,1629,62073
921013,1629,69957
921013,1629,60288
921013,1629,68790
921013,1629,63824
921013,1629,67848
921013,1629,61149
921013,1629,60680
921013,1629,66510
921013,1629,73593
921013,1629,75780
921013,1629,63097
921013,1629,61719
921013,1629,69014
921013,1629,60758
921013,1629,63293
921013,1629,65822
921013,1629,59510
921013,1629,67988
921013,1629,66778
921013,1629,65667
921013,1629,60084
921013,1629,63648
921013,1629,63042
921013,1629,72007
921013,1629,67204
921013,1629,63418
921013,1629,69850
921013,1629,63312
921013,1629,57105
921013,1629,71238
921013,1629,67877
921013,1629,63951
921013,1629,70220
921013,1629,52916
921013,1629,57302
921013,1629,61106
921013,1629,63785
921013,1629,63496
921013,1629,70985
921013,1629,64532
921013,1629,64225
921013,1629,61525
921013,1629,70268
921013,1629,58499
921013,1629,55248
921013,1629,79586
921013,1629,67497
921013,1629,63355
921013,1629,66777
921013,1629,64673
921013,1629,67705
921013,1629,58093
921013,1629,66480
921013,1629,67549
921013,1629,63360
921013,1629,65735
921013,1629,58874
921013,1629,61155
921013,1629,69863
921013,1629,62169
921013,1629,71310
921013,1629,64780
921013,1629,68519
921013,1629,59169
921013,1629,59666
921013,1629,58077
921013,1629,70568
921013,1629,60915
921013,1629,74364
921013,1629,59138
921013,1629,69178
921013,1629,66425
921013,1629,64974
921013,1629,54691
921013,1629,65163
921013,1629,61481
921013,1629,72162
921013,1629,58114
921013,1629,66051
921013,1629,61954
921013,1629,70941
921013,1629,63082
921013,1629,66261
921013,1629,66934
921013,1629,71331
921013,1629,71300
921013,1629,66137
921013,1629,59244
921013,1629,56510
921013,1629,63204
921013,1629,60120
921013,1629,64868
921013,1629,59911
921013,1629,68746
921013,1629,67216
921013,1629,65816
921013,1629,73063
921013,1629,61409
921013,1629,70412
921013,1629,65755
921013,1629,66304
921013,1629,64971
921013,1629,65137
921013,1629,70326
921013,1629,53959
921013,1629,61545
921013,1629,63666
921013,1629,54806
921013,1629,65301
921013,1629,65472
921013,1629,67379
921013,1629,58204
921013,1629,67096
921013,1629,57155
921013,1629,59660
921013,1629,71877
921013,1629,60179
921013,1629,75017
921013,1629,65601
921013,1629,62125
921013,1629,65007
921013,1629,68667
921013,1629,61545
921013,1629,62519
921013,1629,64409
921013,1629,62572
921013,1629,62542
921013,1629,56707
921013,1629,67795
921013,1629,60650
921013,1629,66220
921013,1629,51437
921013,1629,65865
921013,1629,58253
921013,1629,65610
921013,1629,56807
921013,1629,67565
921013,1629,55922
921013,1629,70517
921013,1629,73004
921013,1629,64048
921013,1629,76858
921013,1629,66968
921013,1629,54848
921013,1629,71437
921013,1629,65438
921013,1629,63541
921013,1629,63136
921013,1629,66530
921013,1629,66208
921013,1629,62750
921013,1629,65038
921013,1629,56203
921013,1629,52383
921013,1629,68989
921013,1629,54870
921013,1629,67839
921013,1629,66200
921013,1629,67206
921013,1629,58325
921013,1629,72691
921013,1629,52060
921013,1629,62740
921013,1629,63135
921013,1629,64579
921013,1629,64881
921013,1629,69732
921013,1629,67734
921013,1629,66799
921013,1629,62334
921013,1629,56030
921013,1629,66443
921013,1629,64100
921013,1629,69170
921013,1629,58632
921013,1629,76093
921013,1629,63654
921013,1629,63636
921013,1629,70237
921013,1629,67803
921013,1629,67275
921013,1629,68428
921013,1629,80409
921013,1629,59686
921013,1629,66742
921013,1629,70978
921013,1629,67784
921013,1629,66608
921013,1629,70448
921013,1629,65825
921013,1629,68160
921013,1629,63158
921013,1629,75384
921013,1629,60558
921013,1629,66342
921013,1629,64465
921013,1629,61460
921013,1629,68673
921013,1629,60844
921013,1629,67742
921013,1629,58620
921013,1629,60172
921013,1629,61710
921013,1629,73423
921013,1629,63232
921013,1629,61334
921013,1629,74200
921013,1629,60492
921013,1629,66587
921013,1629,69447
921013,1629,66724
921013,1629,72037
921013,1629,69546
921013,1629,68190
921013,1629,66484
921013,1629,60762
921013,1629,57973
921013,1629,61764
921013,1629,67438
921013,1629,60573
921013,1629,67855
921013,1629,60085
921013,1629,63020
921013,1629,65241
921013,1629,62897
921013,1629,64985
921013,1629,61773
921013,1629,54980
921013,1629,61822
921013,1629,57118
921013,1629,57628
921013,1629,63764
921013,1629,60257
921013,1629,75931
921013,1629,71124
921013,1629,53013
921013,1629,76874
921013,1629,64594
921013,1629,63810
921013,1629,59990
921013,1629,81323
921013,1629,68589
921013,1629,67164
921013,1629,65937
921013,1629,67219
921013,1629,64360
921013,1629,76586
921013,1629,69743
921013,1629,62933
921013,1629,61520
921013,1629,75089
921013,1629,61106
921013,1629,72964
921013,1629,62649
921013,1629,74598
921013,1629,63528
921013,1629,76122
921013,1629,75261
921013,1629,70955
921013,1629,58948
921013,1629,65659
921013,1629,76912
921013,1629,77337
921013,1629,66544
921013,1629,67320
921013,1629,59590
921013,1629,61489
921013,1629,63927
921013,1629,66867
921013,1629,54970
921013,1629,68317
921013,1629,61165
921013,1629,54901
921013,1629,60547
921013,1629,65153
921013,1629,56255
921013,1629,65207
921013,1629,73128
921013,1629,57905
921013,1629,69681
921013,1629,67484
921013,1629,60549
921013,1629,62448
921013,1629,70688
921013,1629,67429
921013,1629,58706
921013,1629,64702
921013,1629,61097
921013,1629,63611
921013,1629,70537
921013,1629,68782
921013,1629,64374
921013,1629,72084
921013,1629,68235
921013,1629,69652
921013,1629,77537
921013,1629,69547
921013,1629,67118
921013,1629,63589
921013,1629,70122
921013,1629,66488
921013,1629,67899
921013,1629,69366
921013,1629,61367
921013,1629,57091
921013,1629,75311
921013,1629,48638
921013,1629,69053
921013,1629,63888
921013,1629,72406
921013,1629,61293
921013,1629,59725
921013,1629,67852
921013,1629,70252
921013,1629,67099
921013,1629,72124
921013,1629,60307
921013,1629,70648
921013,1629,64106
921013,1629,73027
921013,1629,52834
921013,1629,64017
921013,1629,65976
921013,1629,70233
921013,1629,63089
921013,1629,62379
921013,1629,65170
921013,1629,66556
921013,1629,63635
921013,1629,71411
921013,1629,56810
921013,1629,57696
921013,1629,59886
921013,1629,62728
921013,1629,65052
921013,1629,76430
921013,1629,63337
921013,1629,64341
921013,1629,69048
921013,1629,56352
921013,1629,71833
921013,1629,71125
921013,1629,73675
921013,1629,67329
921013,1629,63434
921013,1629,70247
921013,1629,73572
921013,1629,55655
921013,1629,65986
921013,1629,67901
921013,1629,58819
921013,1629,75381
921013,1629,62811
921013,1629,67913
921013,1629,69023
921013,1629,62549
921013,1629,65225
921013,1629,69362
921013,1629,58002
921013,1629,63260
921013,1629,59690
921013,1629,67500
921013,1629,60084
921013,1629,67028
921013,1629,69526
921013,1629,63895
921013,1629,64512
921013,1629,68081
921013,1629,63978
921013,1629,67917
921013,1629,70383
921013,1629,75275
921013,1629,65594
921013,1629,61526
921013,1629,63133
921013,1629,63131
921013,1629,62911
921013,1629,57656
921013,1629,60440
921013,1629,56645
921013,1629,63447
921013,1629,66055
921013,1629,61118
921013,1629,70176
921013,1629,63385
921013,1629,63542
921013,1629,61232
921013,1629,65756
921013,1629,66276
921013,1629,60149
921013,1629,65983
921013,1629,56414
921013,1629,58054
921013,1629,66529
921013,1629,66152
921013,1629,62927
921013,1629,69369
921013,1629,74728
921013,1629,62518
921013,1629,63264
921013,1629,62662
921013,1629,59563
921013,1629,63941
921013,1629,66146
921013,1629,70202
921013,1629,65573
921013,1629,72839
921013,1629,66634
921013,1629,61559
921013,1629,54087
921013,1629,66174
921013,1629,53531
921013,1629,69768
921013,1629,64108
921013,1629,70978
921013,1629,71873
921013,1629,68586
921013,1629,59560
921013,1629,82622
921013,1629,68520
921013,1629,68350
921013,1629,70135
921013,1629,64888
921013,1629,60580
921013,1629,62957
921013,1629,78457
921013,1629,61522
921013,1629,65779
921013,1629,57579
921013,1629,68560
921013,1629,61522
921013,1629,61535
921013,1629,64204
921013,1629,60383
921013,1629,61673
921013,1629,59978
921013,1629,66851
921013,1629,66096
921013,1629,62600
921013,1629,79226
921013,1629,61860
921013,1629,73186
921013,1629,49465
921013,1629,74603
921013,1629,63754
921013,1629,59983
921013,1629,66289
921013,1629,58075
921013,1629,70016
921013,1629,63368
921013,1629,65463
921013,1629,65954
921013,1629,57981
921013,1629,69567
921013,1629,70886
921013,1629,72580
921013,1629,63784
921013,1629,58399
921013,1629,71586
921013,1629,64973
921013,1629,55896
921013,1629,70143
921013,1629,66302
921013,1629,54224
921013,1629,69296
921013,1629,53232
921013,1629,71191
921013,1629,52857
921013,1629,67378
921013,1629,67490
921013,1629,64727
921013,1629,64554
921013,1629,72556
921013,1629,59002
921013,1629,57204
921013,1629,66915
921013,1629,56975
921013,1629,65199
921013,1629,55235
921013,1629,70008
921013,1629,75119
921013,1629,66243
921013,1629,54278
921013,1629,73392
921013,1629,67173
921013,1629,62453
921013,1629,70381
921013,1629,58239
921013,1629,73017
921013,1629,64241
921013,1629,62886
921013,1629,74146
921013,1629,67879
921013,1629,62878
921013,1629,67142
921013,1629,68835
921013,1629,56754
921013,1629,65697
921013,1629,62759
921013,1629,60718
921013,1629,60182
921013,1629,71959
921013,1629,54947
921013,1629,67750
921013,1629,61101
921013,1629,56742
921013,1629,56862
921013,1629,54862
921013,1629,67241
921013,1629,63960
921013,1629,63496
921013,1629,65643
921013,1629,54817
921013,1629,65155
921013,1629,67602
921013,1629,60390
921013,1629,72279
921013,1629,71770
921013,1629,64217
921013,1629,64578
921013,1629,63411
921013,1629,61515
921013,1629,71507
921013,1629,59404
921013,1629,62398
921013,1629,66100
921013,1629,65537
921013,1629,61480
921013,1629,67252
921013,1629,60645
921013,1629,62297
921013,1629,56340
921013,1629,66756
921013,1629,67587
921013,1629,66165
921013,1629,65793
921013,1629,67132
921013,1629,67258
921013,1629,51887
921013,1629,62299
921013,1629,68746
921013,1629,59484
921013,1629,64864
921013,1629,56245
921013,1629,65490
921013,1629,56507
921013,1629,72039
921013,1629,64778
921013,1629,58032
921013,1629,58303
921013,1629,62476
921013,1629,61645
921013,1629,53480
921013,1629,73974
921013,1629,55161
921013,1629,63269
921013,1629,56407
921013,1629,68050
921013,1629,59730
921013,1629,62194
921013,1629,78380
921013,1629,75167
921013,1629,63287
921013,1629,63181
921013,1629,57972
921013,1629,58307
921013,1629,70355
921013,1629,72461
921013,1629,69176
921013,1629,67993
921013,1629,69110
921013,1629,66682
921013,1629,71468
921013,1629,65581
921013,1629,55527
921013,1629,69033
921013,1629,61645
921013,1629,72512
921013,1629,58848
921013,1629,71966
921013,1629,68903
921013,1629,64998
921013,1629,61399
921013,1629,49751
921013,1629,60184
921013,1629,62965
921013,1629,60810
921013,1629,63726
921013,1629,75214
921013,1629,74572
921013,1629,64437
921013,1629,69770
921013,1629,65293
921013,1629,65651
921013,1629,70441
921013,1629,58943
921013,1629,67716
921013,1629,67323
921013,1629,66266
921013,1629,72017
921013,1629,65319
921013,1629,66256
921013,1629,64416
921013,1629,63750
921013,1629,61322
921013,1629,70458
921013,1629,66163
921013,1629,70718
921013,1629,57530
921013,1629,66557
921013,1629,65588
921013,1629,71656
921013,1629,65412
921013,1629,78960
921013,1629,62831
921013,1629,72683
921013,1629,68860
921013,1629,67435
921013,1629,65242
921013,1629,69634
921013,1629,63759
921013,1629,72323
921013,1629,53119
921013,1629,58007
921013,1629,51949
921013,1629,70578
921013,1629,64370
921013,1629,72667
921013,1629,59866
921013,1629,80513
921013,1629,63438
921013,1629,67542
921013,1629,74103
921013,1629,70835
921013,1629,67259
921013,1629,56392
921013,1629,62543
921013,1629,68621
921013,1629,72380
921013,1629,61246
921013,1629,62299
921013,1629,61337
921013,1629,64606
921013,1629,60449
921013,1629,67983
921013,1629,65390
921013,1629,62106
921013,1629,67100
921013,1629,59422
921013,1629,54682
921013,1629,70024
921013,1629,64153
921013,1629,69219
921013,1629,76659
921013,1629,75771
921013,1629,58138
921013,1629,70526
921013,1629,63034
921013,1629,62825
921013,1629,58893
921013,1629,60051
921013,1629,66198
921013,1629,56341
921013,1629,57173
921013,1629,70161
921013,1629,65833
921013,1629,64675
921013,1629,59210
921013,1629,64077
921013,1629,75487
921013,1629,70566
921013,1629,67611
921013,1629,66457
921013,1629,64158
921013,1629,60427
921013,1629,72557
921013,1629,68760
921013,1629,46186
921013,1629,56079
921013,1629,71213
921013,1629,61542
921013,1629,62839
921013,1629,55711
921013,1629,70314
921013,1629,61947
921013,1629,57663
921013,1629,58731
921013,1629,64042
921013,1629,66884
921013,1629,55828
921013,1629,70981
921013,1629,60316
921013,1629,66533
921013,1629,61770
921013,1629,74432
921013,1629,60628
921013,1629,65530
921013,1629,65334
921013,1629,64063
921013,1629,69522
921013,1629,73068
921013,1629,65153
921013,1629,58964
921013,1629,57417
921013,1629,62884
921013,1629,64090
921013,1629,64885
921013,1629,56949
921013,1629,63905
921013,1629,66497
921013,1629,69961
921013,1629,74005
921013,1629,66638
921013,1629,63632
921013,1629,68352
921013,1629,65408
921013,1629,72232
921013,1629,70652
921013,1629,77983
921013,1629,58672
921013,1629,69825
921013,1629,59745
921013,1629,62103
921013,1629,58103
921013,1629,61075
921013,1629,68306
921013,1629,77538
921013,1629,70783
921013,1629,59088
921013,1629,59353
921013,1629,65115
921013,1629,68032
921013,1629,63819
921013,1629,58398
921013,1629,59162
921013,1629,66384
921013,1629,59077
921013,1629,74767
921013,1629,52597
921013,1629,60453
921013,1629,60427
921013,1629,59923
921013,1629,58516
921013,1629,65507
921013,1629,65272
921013,1629,54552
921013,1629,56028
921013,1629,63234
921013,1629,63754
921013,1629,64219
921013,1629,57784
921013,1629,56565
921013,1629,59041
921013,1629,68639
921013,1629,66040
921013,1629,68421
921013,1629,65341
921013,1629,66707
921013,1629,59892
921013,1629,65293
921013,1629,70792
921013,1629,73919
921013,1629,70728
921013,1629,69398
921013,1629,61581
921013,1629,62736
921013,1629,70445
921013,1629,69023
921013,1629,59886
921013,1629,65444
921013,1629,65562
921013,1629,56503
921013,1629,65872
921013,1629,59744
921013,1629,66964
921013,1629,73458
921013,1629,58613
921013,1629,64725
921013,1629,59081
921013,1629,60971
921013,1629,70795
921013,1629,59846
921013,1629,57653
921013,1629,55957
921013,1629,59758
921013,1629,69612
921013,1629,68037
921013,1629,58027
921013,1629,73483
921013,1629,60236
921013,1629,52567
921013,1629,67006
921013,1629,55820
921013,1629,65517
921013,1629,65535
921013,1629,65176
921013,1629,63940
921013,1629,68582
921013,1629,65239
921013,1629,64335
921013,1629,60281
921013,1629,69096
921013,1629,69404
921013,1629,71550
921013,1629,60988
921013,1629,66421
921013,1629,72997
921013,1629,71154
921013,1629,62247
921013,1629,61411
921013,1629,69357
921013,1629,77661
921013,1629,46872
921013,1629,61610
921013,1629,68635
921013,1629,61573
921013,1629,61693
921013,1629,60695
921013,1629,69788
921013,1629,62846
921013,1629,67150
921013,1629,63480
921013,1629,72147
921013,1629,61760
921013,1629,63347
921013,1629,70664
921013,1629,61748
921013,1629,58438
921013,1629,64653
921013,1629,60778
921013,1629,66270
921013,1629,61581
921013,1629,59490
921013,1629,65965
921013,1629,59697
921013,1629,63088
921013,1629,66948
921013,1629,62786
921013,1629,65670
921013,1629,61904
921013,1629,54336
921013,1629,63144
921013,1629,65579
921013,1629,66019
921013,1629,66644
921013,1629,58835
921013,1629,58665
921013,1629,69638
921013,1629,67697
921013,1629,68348
921013,1629,59350
921013,1629,65123
921013,1629,69728
921013,1629,63731
921013,1629,65481
921013,1629,59483
921013,1629,71004
921013,1629,59318
921013,1629,59148
921013,1629,54742
921013,1629,70685
921013,1629,66637
921013,1629,60994
921013,1629,61961
921013,1629,63921
921013,1629,61428
921013,1629,68925
921013,1629,64019
921013,1629,58892
921013,1629,61106
921013,1629,60907
921013,1629,78007
921013,1629,66395
921013,1629,60510
921013,1629,73774
921013,1629,59806
921013,1629,64557
921013,1629,78300
921013,1629,61373
921013,1629,66351
921013,1629,58164
921013,1629,54500
921013,1629,68820
921013,1629,62973
921013,1629,59181
921013,1629,70251
921013,1629,63978
921013,1629,76588
921013,1629,60177
921013,1629,58715
921013,1629,59085
921013,1629,63806
921013,1629,68105
921013,1629,59658
921013,1629,60410
921013,1629,69674
921013,1629,65566
921013,1629,67335
921013,1629,75109
921013,1629,68116
921013,1629,65952
921013,1629,69251
921013,1629,70032
921013,1629,56988
921013,1629,63487
921013,1629,65382
921013,1629,56592
921013,1629,62642
921013,1629,73797
921013,1629,64823
921013,1629,60312
921013,1629,71889
921013,1629,68931
921013,1629,67324
921013,1629,65385
921013,1629,65978
921013,1629,67921
921013,1629,71126
921013,1629,64425
921013,1629,59277
921013,1629,56131
921013,1629,71627
921013,1629,68979
921013,1629,62260
921013,1629,65600
921013,1629,67188
921013,1629,61403
921013,1629,56474
921013,1629,71896
921013,1629,62692
921013,1629,74866
921013,1629,78499
921013,1629,59225
921013,1629,61317
921013,1629,64154
921013,1629,66016
921013,1629,59451
921013,1629,65291
921013,1629,69731
921013,1629,67126
921013,1629,63158
921013,1629,67354
921013,1629,57821
921013,1629,61836
921013,1629,47605
921013,1629,61368
921013,1629,67246
921013,1629,72919
921013,1629,58661
921013,1629,67479
921013,1629,78088
921013,1629,61245
921013,1629,64040
921013,1629,75092
921013,1629,70395
921013,1629,65502
921013,1629,67224
921013,1629,66989
921013,1629,70143
921013,1629,69697
921013,1629,60184
921013,1629,63028
921013,1629,61750
921013,1629,69168
921013,1629,65026
921013,1629,60575
921013,1629,69839
921013,1629,56880
921013,1629,66726
921013,1629,61563
921013,1629,69269
921013,1629,60745
921013,1629,66205
921013,1629,58794
921013,1629,60712
921013,1629,63899
921013,1629,60265
921013,1629,64682
921013,1629,67365
921013,1629,77913
921013,1629,71106
921013,1629,71306
921013,1629,63878
921013,1629,68957
921013,1629,71527
921013,1629,66604
921013,1629,73988
921013,1629,62862
921013,1629,70410
921013,1629,62845
921013,1629,65517
921013,1629,53487
921013,1629,67986
921013,1629,64532
921013,1629,72816
921013,1629,67596
921013,1629,60511
921013,1629,68301
921013,1629,59927
921013,1629,67241
921013,1629,68138
921013,1629,59489
921013,1629,70342
921013,1629,69545
921013,1629,74234
921013,1629,59231
921013,1629,66771
921013,1629,64524
921013,1629,65504
921013,1629,60935
921013,1629,66635
921013,1629,66589
921013,1629,67471
921013,1629,71256
921013,1629,48160
921013,1629,69597
921013,1629,59787
921013,1629,62306
921013,1629,72708
921013,1629,75382
921013,1629,67895
921013,1629,63061
921013,1629,68406
921013,1629,68643
921013,1629,55348
921013,1629,64534
921013,1629,72979
921013,1629,64521
921013,1629,72402
921013,1629,60964
921013,1629,59047
921013,1629,68823
921013,1629,69542
921013,1629,67890
921013,1629,63565
921013,1629,61529
921013,1629,63598
921013,1629,77427
921013,1629,67881
921013,1629,64155
921013,1629,59810
921013,1629,66294
921013,1629,68933
921013,1629,68965
921013,1629,66119
921013,1629,58214
921013,1629,62089
921013,1629,71543
921013,1629,58975
921013,1629,54146
921013,1629,61094
921013,1629,77442
921013,1629,68798
921013,1629,65748
921013,1629,59337
921013,1629,63296
921013,1629,58200
921013,1629,61567
921013,1629,66932
921013,1629,71671
921013,1629,65892
921013,1629,73088
921013,1629,62572
921013,1629,70708
921013,1629,56880
921013,1629,57163
921013,1629,64911
921013,1629,57445
921013,1629,76130
921013,1629,68305
921013,1629,64024
921013,1629,62547
921013,1629,50445
921013,1629,58301
921013,1629,65248
921013,1629,57710
921013,1629,68874
921013,1629,64963
921013,1629,68079
921013,1629,67612
921013,1629,66896
921013,1629,66632
921013,1629,68870
921013,1629,63238
921013,1629,61710
921013,1629,68921
921013,1629,62756
921013,1629,71030
921013,1629,64165
921013,1629,69588
921013,1629,57819
921013,1629,63905
921013,1629,68424
921013,1629,74119
921013,1629,65380
921013,1629,63092
921013,1629,72206
921013,1629,62100
921013,1629,66225
921013,1629,69678
921013,1629,61562
921013,1629,68144
921013,1629,72208
921013,1629,63334
921013,1629,61731
921013,1629,57768
921013,1629,70303
921013,1629,71718
921013,1629,73319
921013,1629,71733
921013,1629,63610
921013,1629,70124
921013,1629,62015
921013,1629,66586
921013,1629,61164
921013,1629,60995
921013,1629,60624
921013,1629,67367
921013,1629,66068
921013,1629,69415
921013,1629,55662
921013,1629,68892
921013,1629,65325
921013,1629,71756
921013,1629,69510
921013,1629,62165
921013,1629,55119
921013,1629,62903
921013,1629,58796
921013,1629,68303
921013,1629,62194
921013,1629,60327
921013,1629,70009
921013,1629,61017
921013,1629,63189
921013,1629,71559
921013,1629,66868
921013,1629,60743
921013,1629,69675
921013,1629,61779
921013,1629,73737
921013,1629,67159
921013,1629,54711
921013,1629,57467
921013,1629,72142
921013,1629,72348
921013,1629,54095
921013,1629,65937
921013,1629,51119
921013,1629,69037
921013,1629,57888
921013,1629,72661
921013,1629,66429
921013,1629,59395
921013,1629,65102
921013,1629,59905
921013,1629,63991
921013,1629,61632
921013,1629,71636
921013,1629,61758
921013,1629,68849
921013,1629,63880
921013,1629,70205
921013,1629,56527
921013,1629,63978
921013,1629,62811
921013,1629,65071
921013,1629,62710
921013,1629,59682
921013,1629,62574
921013,1629,67137
921013,1629,68585
921013,1629,74287
921013,1629,62582
921013,1629,63230
921013,1629,58632
921013,1629,67723
921013,1629,75942
921013,1629,68371
921013,1629,71455
921013,1629,57235
921013,1629,55340
921013,1629,61715
921013,1629,64299
921013,1629,59899
921013,1629,66675
921013,1629,67529
921013,1629,69382
921013,1629,68721
921013,1629,64364
921013,1629,63530
921013,1629,62946
921013,1629,65780
921013,1629,67522
921013,1629,56419
921013,1629,61600
921013,1629,61685
921013,1629,71075
921013,1629,69511
921013,1629,63911
921013,1629,65560
921013,1629,66347
921013,1629,69018
921013,1629,61234
921013,1629,64754
921013,1629,58986
921013,1629,70020
921013,1629,58034
921013,1629,64935
921013,1629,58427
921013,1629,55901
921013,1629,66383
921013,1629,68091
921013,1629,61894
921013,1629,56592
921013,1629,65269
921013,1629,65312
921013,1629,56802
921013,1629,71235
921013,1629,51187
921013,1629,68321
921013,1629,66682
921013,1629,63505
921013,1629,69319
921013,1629,60029
921013,1629,58267
921013,1629,64144
921013,1629,63367
921013,1629,71512
921013,1629,64231
921013,1629,71998
921013,1629,72232
921013,1629,62277
921013,1629,61952
921013,1629,67391
921013,1629,61642
921013,1629,65897
921013,1629,64212
921013,1629,62831
921013,1629,60121
921013,1629,67953
921013,1629,65653
921013,1629,67332
921013,1629,56991
921013,1629,53093
921013,1629,61326
921013,1629,68242
921013,1629,63991
921013,1629,64418
921013,1629,57973
921013,1629,54760
921013,1629,65137
921013,1629,55309
921013,1629,56460
921013,1629,69598
921013,1629,68659
921013,1629,63623
921013,1629,67229
921013,1629,68034
921013,1629,63742
921013,1629,60103
921013,1629,63889
921013,1629,73967
921013,1629,60068
921013,1629,72902
921013,1629,64257
921013,1629,61917
921013,1629,65517
921013,1629,66369
921013,1629,56030
921013,1629,63529
921013,1629,64863
921013,1629,70153
921013,1629,66115
921013,1629,59800
921013,1629,65438
921013,1629,56049
921013,1629,70387
921013,1629,58530
921013,1629,61072
921013,1629,69447
921013,1629,70357
921013,1629,59579
921013,1629,67939
921013,1629,78118
921013,1629,71699
921013,1629,74558
921013,1629,65710
921013,1629,56959
921013,1629,68874
921013,1629,66086
921013,1629,62012
921013,1629,69688
921013,1629,67913
921013,1629,67916
921013,1629,69968
921013,1629,68955
921013,1629,69182
921013,1629,66599
921013,1629,59232
921013,1629,74821
921013,1629,69129
921013,1629,65713
921013,1629,65559
921013,1629,63654
921013,1629,58839
921013,1629,62310
921013,1629,69266
921013,1629,62728
921013,1629,64683
921013,1629,66191
921013,1629,67613
921013,1629,67676
921013,1629,56701
921013,1629,64787
921013,1629,63906
921013,1629,65005
921013,1629,66723
921013,1629,66580
921013,1629,56012
921013,1629,61458
921013,1629,67868
921013,1629,70352
921013,1629,62414
921013,1629,65118
921013,1629,69660
921013,1629,72749
921013,1629,60722
921013,1629,61976
921013,1629,69096
921013,1629,65346
921013,1629,69259
921013,1629,64229
921013,1629,72258
921013,1629,69102
921013,1629,66274
921013,1629,65513
921013,1629,58619
921013,1629,66567
921013,1629,68303
921013,1629,63395
921013,1629,63821
921013,1629,63394
921013,1629,58381
921013,1629,70827
921013,1629,63110
921013,1629,58941
921013,1629,59534
921013,1629,65350
921013,1629,70565
921013,1629,64103
921013,1629,68231
921013,1629,70025
921013,1629,61690
921013,1629,52751
921013,1629,64936
921013,1629,62541
921013,1629,64445
921013,1629,65210
921013,1629,62834
921013,1629,64432
921013,1629,69596
921013,1629,61387
921013,1629,72414
921013,1629,61147
921013,1629,64236
921013,1629,73147
921013,1629,70600
921013,1629,67560
921013,1629,63106
921013,1629,61242
921013,1629,71073
921013,1629,60008
921013,1629,56875
921013,1629,69415
921013,1629,67127
921013,1629,63819
921013,1629,67259
921013,1629,71608
921013,1629,64231
921013,1629,62377
921013,1629,57310
921013,1629,63464
921013,1629,61021
921013,1629,57675
921013,1629,65532
921013,1629,67233
921013,1629,74284
921013,1629,65119
921013,1629,64895
921013,1629,78632
921013,1629,54711
921013,1629,53564
921013,1629,68317
921013,1629,58646
921013,1629,57834
921013,1629,72564
921013,1629,64989
921013,1629,75764
921013,1629,71680
921013,1629,64277
921013,1629,66964
921013,1629,62528
921013,1629,62611
921013,1629,73561
921013,1629,61655
921013,1629,63921
921013,1629,58069
921013,1629,62495
921013,1629,62101
921013,1629,70769
921013,1629,72880
921013,1629,72706
921013,1629,57920
921013,1629,74922
921013,1629,73878
921013,1629,66330
921013,1629,70107
921013,1629,72776
921013,1629,59324
921013,1629,65281
921013,1629,62744
921013,1629,64252
921013,1629,57585
921013,1629,65066
921013,1629,67220
921013,1629,66422
921013,1629,63543
921013,1629,66089
921013,1629,73233
921013,1629,65538
921013,1629,56598
921013,1629,65721
921013,1629,58644
921013,1629,64919
921013,1629,70452
921013,1629,66148
921013,1629,60558
921013,1629,62922
921013,1629,69799
921013,1629,75973
921013,1629,69442
921013,1629,62323
921013,1629,63968
921013,1629,64122
921013,1629,58043
921013,1629,69962
921013,1629,67200
921013,1629,62767
921013,1629,58506
921013,1629,67622
921013,1629,62273
921013,1629,59910
921013,1629,53503
921013,1629,51240
921013,1629,64508
921013,1629,76878
921013,1629,65092
921013,1629,59990
921013,1629,65724
921013,1629,57282
921013,1629,63719
921013,1629,65451
921013,1629,71213
921013,1629,57369
921013,1629,58290
921013,1629,64472
921013,1629,62567
921013,1629,60791
921013,1629,64028
921013,1629,67600
921013,1629,65129
921013,1629,63013
921013,1629,58769
921013,1629,71099
921013,1629,68601
921013,1629,69164
921013,1629,61640
921013,1629,56224
921013,1629,60501
921013,1629,63545
921013,1629,71321
921013,1629,66179
921013,1629,65824
921013,1629,59105
921013,1629,68708
921013,1629,63103
921013,1629,66631
921013,1629,71379
921013,1629,69440
921013,1629,67123
921013,1629,61257
921013,1629,66952
921013,1629,59096
921013,1629,64978
921013,1629,62271
921013,1629,76996
921013,1629,71729
921013,1629,63602
921013,1629,48907
921013,1629,64215
921013,1629,74916
921013,1629,73880
921013,1629,71696
921013,1629,63551
921013,1629,68948
921013,1629,68368
921013,1629,64440
921013,1629,60947
921013,1629,67645
921013,1629,64946
921013,1629,68590
921013,1629,61490
921013,1629,66135
921013,1629,69058
921013,1629,55319
921013,1629,68019
921013,1629,66581
921013,1629,61887
921013,1629,69490
921013,1629,66834
921013,1629,63252
921013,1629,60885
921013,1629,68163
921013,1629,68399
921013,1629,72880
921013,1629,72884
921013,1629,69212
921013,1629,68190
921013,1629,58693
921013,1629,73474
921013,1629,58105
921013,1629,67798
921013,1629,70629
921013,1629,59467
921013,1629,59675
921013,1629,66575
921013,1629,62469
921013,1629,64230
921013,1629,70858
921013,1629,59726
921013,1629,74778
921013,1629,77741
921013,1629,60748
921013,1629,71607
921013,1629,73408
921013,1629,64566
921013,1629,68383
921013,1629,58616
921013,1629,77840
921013,1629,61457
921013,1629,72754
921013,1629,62192
921013,1629,65508
921013,1629,73951
921013,1629,69146
921013,1629,60477
921013,1629,63098
921013,1629,72409
921013,1629,68841
921013,1629,59624
921013,1629,57630
921013,1629,51915
921013,1629,64894
921013,1629,66172
921013,1629,60745
921013,1629,69014
921013,1629,56181
921013,1629,64262
921013,1629,67461
921013,1629,65714
921013,1629,64879
921013,1629,72039
921013,1629,66520
921013,1629,56163
921013,1629,60345
921013,1629,71925
921013,1629,63286
921013,1629,71150
921013,1629,67584
921013,1629,54102
921013,1629,57599
921013,1629,66730
921013,1629,67349
921013,1629,80440
921013,1629,69195
921013,1629,66252
921013,1629,59628
921013,1629,64092
921013,1629,66777
921013,1629,66743
921013,1629,54286
921013,1629,72121
921013,1629,64336
921013,1629,63913
921013,1629,70718
921013,1629,65892
921013,1629,59287
921013,1629,70665
921013,1629,58335
921013,1629,54959
921013,1629,61727
921013,1629,68735
921013,1629,63769
921013,1629,55506
921013,1629,57419
921013,1629,60626
921013,1629,65898
921013,1629,66721
921013,1629,68480
921013,1629,64784
921013,1629,59857
921013,1629,58908
921013,1629,74312
921013,1629,71101
921013,1629,58896
921013,1629,64456
921013,1629,69278
921013,1629,69270
921013,1629,62192
921013,1629,72012
921013,1629,74780
921013,1629,62102
921013,1629,71995
921013,1629,71194
921013,1629,65722
921013,1629,58692
921013,1629,63589
921013,1629,69145
921013,1629,58050
921013,1629,59169
921013,1629,77529
921013,1629,63649
921013,1629,64803
921013,1629,63421
921013,1629,62718
921013,1629,77425
921013,1629,72466
921013,1629,64189
921013,1629,76017
921013,1629,58575
921013,1629,76501
921013,1629,75069
921013,1629,65428
921013,1629,74937
921013,1629,58164
921013,1629,64643
921013,1629,49982
921013,1629,64554
921013,1629,65986
921013,1629,69293
921013,1629,67491
921013,1629,69707
921013,1629,70253
921013,1629,69515
921013,1629,56390
921013,1629,67632
921013,1629,65278
921013,1629,72752
921013,1629,70616
921013,1629,66067
921013,1629,61335
921013,1629,61247
921013,1629,66899
921013,1629,61820
921013,1629,61797
921013,1629,57434
921013,1629,64061
921013,1629,54358
921013,1629,60276
921013,1629,72708
921013,1629,60603
921013,1629,60836
921013,1629,64887
921013,1629,74109
921013,1629,65558
921013,1629,64572
921013,1629,72334
921013,1629,68927
921013,1629,57802
921013,1629,55654
921013,1629,58872
921013,1629,69220
921013,1629,63084
921013,1629,65226
921013,1629,61187
921013,1629,61981
921013,1629,53858
921013,1629,65677
921013,1629,66674
921013,1629,67569
921013,1629,64936
921013,1629,69386
921013,1629,65674
921013,1629,71316
921013,1629,65761
921013,1629,67567
921013,1629,64184
921013,1629,50633
921013,1629,58959
921013,1629,72193
921013,1629,66663
921013,1629,66067
921013,1629,65803
921013,1629,66578
921013,1629,79374
921013,1629,71756
921013,1629,68652
921013,1629,62952
921013,1629,64793
921013,1629,56709
921013,1629,69259
921013,1629,70323
921013,1629,72804
921013,1629,62566
921013,1629,68172
921013,1629,73813
921013,1629,58561
921013,1629,75243
921013,1629,57710
921013,1629,68790
921013,1629,71423
921013,1629,62599
921013,1629,66731
921013,1629,67656
921013,1629,60069
921013,1629,62074
921013,1629,62631
921013,1629,63139
921013,1629,61818
921013,1629,62286
921013,1629,50493
921013,1629,71287
921013,1629,68246
921013,1629,70876
921013,1629,67141
921013,1629,61881
921013,1629,66262
921013,1629,48997
921013,1629,66169
921013,1629,69171
921013,1629,75251
921013,1629,69611
921013,1629,62856
921013,1629,54052
921013,1629,67444
921013,1629,67172
921013,1629,64966
921013,1629,61916
921013,1629,64167
921013,1629,59969
921013,1629,69255
921013,1629,62196
921013,1629,66978
921013,1629,67022
921013,1629,62676
921013,1629,53820
