19053247,1629,59763
1398689,1629,66533
6200845,1629,36081
6952894,1629,70658
2931309,1629,30077
14186144,1629,69480
4051940,1629,36889
12834696,1629,39968
9534619,1629,58140
21792686,1629,29719
7256478,1629,46823
1069784,1629,42001
13593219,1629,73224
19804652,1629,60666
9785313,1629,66240
4618449,1629,66718
15300660,1629,40949
2132589,1629,41262
21608131,1629,67924
9213569,1629,51626
6871409,1629,76506
10990457,1629,52776
5171781,1629,41116
19366094,1629,52328
3618695,1629,40837
21993803,1629,74672
15993617,1629,62356
3474500,1629,71010
8348126,1629,57792
19153667,1629,44449
6829400,1629,56700
14002373,1629,71596
1297056,1629,67692
10867332,1629,72690
16973709,1629,39020
10686379,1629,53713
6629728,1629,69465
16336202,1629,36954
17963408,1629,58271
21818426,1629,58616
4633404,1629,74271
11054112,1629,65364
11054112,1629,63384
9622837,1629,56548
14473036,1629,49752
20070125,1629,69008
13177458,1629,46786
2003103,1629,51737
2591068,1629,39900
3430893,1629,74226
8234680,1629,62115
18159872,1629,46271
16959623,1629,52074
16959623,1629,52184
14781451,1629,71557
17617941,1629,42858
22195342,1629,36387
10349491,1629,57792
16737358,1629,74148
8112660,1629,41669
8500998,1629,75224
15493069,1629,53590
22021510,1629,60310
7080636,1629,77833
3650122,1629,70962
7895,1629,77111
20974699,1629,69558
18057242,1629,74218
5684464,1629,44895
11649848,1629,58348
20427630,1629,75400
15161625,1629,37944
19109176,1629,64869
19109176,1629,58360
8126438,1629,62138
13472898,1629,50569
7676971,1629,78303
8239362,1629,62610
9313308,1629,61946
14213726,1629,43385
21938739,1629,73719
19612332,1629,58368
10711858,1629,65043
16832235,1629,69070
21411307,1629,48918
13120519,1629,35054
14629859,1629,45424
16980067,1629,56086
7558022,1629,41278
13841748,1629,57964
18254035,1629,46398
9112998,1629,60197
20479031,1629,42995
3506131,1629,77832
8172725,1629,46427
12309681,1629,74843
13344983,1629,40520
11567197,1629,76182
18667810,1629,56628
15710185,1629,44244
1047661,1629,54130
5167970,1629,62737
11674510,1629,37264
22049745,1629,58017
19396714,1629,71856
16801673,1629,62729
17969647,1629,44529
17685932,1629,60388
7684144,1629,58984
1884227,1629,62570
1754748,1629,41917
19307740,1629,43077
17329584,1629,45090
22223338,1629,69263
11223065,1629,70583
9327398,1629,44044
21933278,1629,47863
2209759,1629,78045
21933278,1629,63087
17436439,1629,63475
13077278,1629,59499
15219332,1629,62622
11259196,1629,77626
813327,1629,75289
20672766,1629,66738
1311139,1629,74482
19850057,1629,40214
16776968,1629,42522
15969783,1629,53067
22214376,1629,46984
21848209,1629,54686
6354590,1629,71298
8148650,1629,62778
11833123,1629,58896
1093026,1629,39580
13229762,1629,70718
10267307,1629,63486
5119235,1629,36364
11990661,1629,47904
16877786,1629,69650
18550912,1629,40069
13882093,1629,71316
8495349,1629,53543
17326453,1629,59942
13658445,1629,43560
767658,1629,71824
17191475,1629,56794
1704201,1629,35736
19584285,1629,49925
18138158,1629,63888
20947106,1629,39701
7914497,1629,72946
3616955,1629,71845
2779413,1629,58701
21116920,1629,69406
735774,1629,59398
9273329,1629,51699
5935895,1629,39776
6070982,1629,67749
21759054,1629,66386
1923217,1629,69174
844306,1629,63090
6987461,1629,72365
11186287,1629,68569
5308551,1629,35113
17323840,1629,62491
17462925,1629,47427
21809602,1629,54199
14060356,1629,68372
5424271,1629,67847
17505822,1629,76961
17220521,1629,75329
8426622,1629,47637
1489872,1629,52760
14815559,1629,63042
2571377,1629,63832
4557175,1629,53194
13706769,1629,69734
14461867,1629,42053
8825091,1629,58618
8825091,1629,58548
17092842,1629,69004
6451901,1629,71958
9756255,1629,74948
20436003,1629,64793
3480604,1629,39697
13229253,1629,71087
15825894,1629,59359
15825894,1629,63087
6159505,1629,78692
8688810,1629,73580
22465064,1629,67157
13584885,1629,60754
20514216,1629,73156
17078361,1629,46988
7211513,1629,61029
2801089,1629,50781
14261392,1629,78795
14261392,1629,75177
5404331,1629,58356
1471328,1629,51674
12360922,1629,74793
13631662,1629,76290
1435949,1629,54452
4468399,1629,46693
19450886,1629,77474
9719436,1629,70999
10530037,1629,47172
12565449,1629,70582
677676,1629,50147
9008085,1629,71590
16805501,1629,68441
15925,1629,43610
11442570,1629,63381
908276,1629,62797
7058040,1629,76085
4660199,1629,78579
16864004,1629,70324
16864004,1629,69569
11070307,1629,38188
19404425,1629,63351
13700788,1629,45034
4356736,1629,42722
17948185,1629,77378
2422961,1629,56043
8353621,1629,41248
13342528,1629,48073
14425067,1629,57249
13502158,1629,63870
10456814,1629,58234
2117161,1629,67184
14204520,1629,43943
12039590,1629,65410
12039590,1629,68309
12134067,1629,74456
1116851,1629,76789
11157495,1629,70296
21090533,1629,77411
18302492,1629,60036
7276609,1629,71928
3880836,1629,44332
5782334,1629,77838
5996152,1629,64975
19607937,1629,74369
10143823,1629,58125
10143823,1629,61173
15625616,1629,52995
12864524,1629,60491
10329590,1629,78454
19704955,1629,48915
20930149,1629,46282
18242724,1629,55077
10926287,1629,47063
1728134,1629,62222
1555289,1629,46877
331349,1629,47523
15017928,1629,47568
17878999,1629,60566
20620016,1629,64535
9336882,1629,49805
12960926,1629,42897
8585945,1629,73917
16610138,1629,55531
10213399,1629,72837
7825405,1629,48372
15909638,1629,50778
324580,1629,78327
19845563,1629,50508
15040568,1629,75097
9029113,1629,46897
5403930,1629,39369
11143677,1629,38964
7142766,1629,48607
15081490,1629,73474
11885940,1629,43929
18896349,1629,69438
12051929,1629,75439
16796633,1629,65890
3675269,1629,62104
2874757,1629,55057
2874757,1629,54800
17502614,1629,58961
19425758,1629,65963
5654167,1629,48063
3657187,1629,66912
915171,1629,43321
9535400,1629,34878
11923866,1629,36666
21188115,1629,45802
14477655,1629,37118
11588947,1629,60134
18867397,1629,70772
10668995,1629,59008
10668995,1629,64749
18324360,1629,55853
5052073,1629,73445
5052073,1629,73789
9045752,1629,45133
7484952,1629,71046
19580731,1629,69160
10723863,1629,66687
10352894,1629,76828
21469233,1629,59249
9751212,1629,75006
21189148,1629,57318
19875920,1629,61738
20770853,1629,64394
13560096,1629,53132
13560096,1629,65949
19381743,1629,65855
14236109,1629,70718
14148857,1629,78886
22420531,1629,67538
22024752,1629,34291
5360212,1629,71582
18459702,1629,58986
4550641,1629,54136
6353696,1629,73067
11765238,1629,65996
4391396,1629,36047
22231194,1629,39420
20434129,1629,43412
6991595,1629,76716
7395366,1629,69529
9682970,1629,63951
10873471,1629,43650
15369630,1629,66911
6307563,1629,49987
2563309,1629,45552
13026172,1629,45361
13225403,1629,56347
2287428,1629,40871
7647392,1629,48192
182102,1629,74410
182102,1629,72692
6620618,1629,41839
3926357,1629,58144
12820864,1629,72902
18508470,1629,70073
2794601,1629,59953
8146164,1629,58604
9787140,1629,44237
569951,1629,63645
569951,1629,58880
569951,1629,68588
569951,1629,58240
4671210,1629,57852
4671210,1629,60030
4671210,1629,63208
17087956,1629,74887
14178475,1629,70165
6957719,1629,50195
17459994,1629,55019
22490444,1629,70956
21900525,1629,70999
4368400,1629,69187
1238648,1629,38036
3393815,1629,52604
8812561,1629,51729
4145933,1629,53132
4145933,1629,51525
11342664,1629,57086
17594169,1629,78910
14835818,1629,37561
21222044,1629,47508
5338144,1629,55523
18399690,1629,74464
16923267,1629,69642
2524573,1629,75824
8582280,1629,55016
17645846,1629,55585
13441652,1629,36020
13111489,1629,72756
19437331,1629,55237
18089253,1629,43420
8296790,1629,72520
18302595,1629,66304
17513027,1629,45612
14626215,1629,40236
6144654,1629,74773
1954502,1629,52687
695679,1629,59111
8836898,1629,36218
10132434,1629,59200
6630590,1629,55893
12808484,1629,57531
2727908,1629,42980
2731419,1629,44874
17550384,1629,64514
996684,1629,45271
562627,1629,68787
589269,1629,57363
19908931,1629,47877
3157728,1629,55424
19344254,1629,45887
14030202,1629,61569
15249213,1629,46056
3399897,1629,64895
773298,1629,69123
9841033,1629,68394
9909759,1629,74763
12975158,1629,74906
19354284,1629,66717
12124833,1629,44531
16573122,1629,75322
21129357,1629,54527
16299236,1629,58908
20573697,1629,60495
14844616,1629,73136
496942,1629,44544
496942,1629,46243
496942,1629,46713
6101338,1629,50903
13009979,1629,69135
15489802,1629,53028
4517552,1629,60308
13634379,1629,70887
10698501,1629,75233
10761876,1629,45696
18347109,1629,47715
14959575,1629,60800
15270888,1629,75285
12261160,1629,69999
3470688,1629,64886
21338656,1629,48788
7679548,1629,54916
6877437,1629,59654
14491945,1629,60135
12074845,1629,40072
9783890,1629,65277
4064613,1629,77832
18410166,1629,51912
20825042,1629,41179
10359720,1629,36889
17989847,1629,68650
1725604,1629,75916
16617243,1629,67458
16201171,1629,48096
16201171,1629,54686
16201171,1629,69674
2538119,1629,61952
6445598,1629,68695
16793968,1629,71460
21305574,1629,36752
12282401,1629,56531
10436163,1629,36410
16567865,1629,69791
14531500,1629,66090
439404,1629,57293
1598995,1629,44592
1598995,1629,43505
8593265,1629,70999
4289754,1629,71918
1334076,1629,77239
3317850,1629,45615
15390648,1629,54657
1783641,1629,67244
2960780,1629,73486
9996343,1629,41986
9996343,1629,40410
7209726,1629,61839
13494260,1629,52745
8924372,1629,72814
4677305,1629,61284
2935770,1629,65418
5838345,1629,74637
2220295,1629,58434
5727527,1629,61437
2310774,1629,61235
16553808,1629,66990
22519742,1629,68772
21759992,1629,74702
5205806,1629,71974
20475346,1629,76160
4998718,1629,51040
547120,1629,59072
21607198,1629,43227
22247156,1629,65660
975150,1629,51545
975150,1629,52186
13405955,1629,71320
5988455,1629,77159
12976659,1629,78565
18916408,1629,76388
13032076,1629,47075
21937043,1629,55927
15900765,1629,73540
14544526,1629,67557
18951130,1629,60528
4256948,1629,49583
3784409,1629,51054
15281819,1629,53640
12974247,1629,72511
18248080,1629,65997
2018214,1629,77178
17551028,1629,77794
22191718,1629,41416
3863861,1629,62338
12842723,1629,62164
4437796,1629,44560
9056748,1629,46397
8424157,1629,73065
5541773,1629,40285
20683704,1629,65898
12186175,1629,53663
12186175,1629,56370
6504877,1629,52735
7838214,1629,72750
8195527,1629,40842
19665146,1629,77925
14709697,1629,68191
6446101,1629,64245
19800994,1629,47709
12051051,1629,63383
11660902,1629,66658
3957810,1629,75427
12342403,1629,57970
19945361,1629,72765
15011781,1629,41573
5299742,1629,77654
20813375,1629,32247
7381377,1629,64462
7381377,1629,64654
7381377,1629,61864
5365450,1629,56493
12451711,1629,77830
19835408,1629,44568
2580506,1629,66212
22100923,1629,70144
3340677,1629,74496
4314006,1629,70321
18196756,1629,74826
8274454,1629,66341
10823816,1629,40061
15458284,1629,62972
3036535,1629,72254
5326307,1629,73219
5412879,1629,55725
10971372,1629,48369
9110502,1629,73506
5651563,1629,40878
5520758,1629,43228
13975719,1629,52845
16257111,1629,59590
10621149,1629,46103
13876530,1629,60678
18111508,1629,69413
9038132,1629,57735
2619000,1629,43033
15516348,1629,55942
6459209,1629,74848
17259720,1629,71858
20236969,1629,53687
7179128,1629,70404
9903631,1629,55946
20452305,1629,57797
1312581,1629,70835
20221509,1629,49119
17860039,1629,61661
10996249,1629,58955
10426388,1629,67739
1549143,1629,51679
9327514,1629,67556
8434442,1629,40876
3777415,1629,55171
4869111,1629,63693
5729894,1629,55598
5356610,1629,44823
6533888,1629,42862
17747955,1629,68415
402598,1629,72189
18030947,1629,60548
15839744,1629,62267
15839744,1629,51558
5926205,1629,53900
12737470,1629,72512
6650765,1629,54837
15505653,1629,54649
20079276,1629,36577
4162005,1629,72747
13868717,1629,46077
13038378,1629,71150
2384645,1629,59361
6743212,1629,46192
12516669,1629,70304
17867230,1629,69347
711621,1629,55279
2902672,1629,45822
18391224,1629,46865
9440799,1629,45012
9868873,1629,69038
12863626,1629,38689
5141425,1629,53266
5842156,1629,44042
8140739,1629,74654
13870338,1629,75646
10883687,1629,38601
9409526,1629,57798
5503495,1629,52818
5876063,1629,69657
5876063,1629,71530
7129039,1629,55987
12171264,1629,60868
16984662,1629,59478
2116150,1629,53733
11604954,1629,46473
11211020,1629,77639
4347320,1629,60956
11466172,1629,58660
11466172,1629,52085
10842736,1629,69870
20762068,1629,45757
19449263,1629,52734
14443786,1629,73900
14443786,1629,74851
341469,1629,44310
2125153,1629,60552
350822,1629,55178
3082226,1629,67629
3082226,1629,70979
21804255,1629,60271
7308437,1629,47701
2190224,1629,53292
4340727,1629,78016
14915828,1629,72312
14915828,1629,71776
8216687,1629,71702
19720329,1629,64563
12996863,1629,66152
10420006,1629,56694
13615181,1629,43732
15926219,1629,76515
17873325,1629,74268
14658633,1629,73178
13085543,1629,32517
22342686,1629,64551
10499096,1629,56688
2359494,1629,48483
1311676,1629,43528
13239253,1629,44757
1428159,1629,59272
18319286,1629,33457
10092761,1629,72677
3228557,1629,45791
10287050,1629,56676
15543040,1629,55483
6527117,1629,71472
6527117,1629,72449
17343156,1629,54720
6730068,1629,67890
9732130,1629,58665
11218508,1629,69835
15895832,1629,70726
10860372,1629,42162
7745708,1629,48709
6677872,1629,65426
10944747,1629,57275
9309135,1629,44248
5002947,1629,74988
9302616,1629,69926
16721417,1629,43404
22029934,1629,36337
1258870,1629,71319
11551460,1629,33607
7952680,1629,56558
20653422,1629,41827
16569531,1629,64361
17885468,1629,49365
1438130,1629,71984
1438130,1629,69483
16807212,1629,59493
15437500,1629,53471
15437500,1629,48020
11519587,1629,44572
17619479,1629,58902
16294406,1629,77157
573638,1629,65913
19785793,1629,78204
9965604,1629,35917
13634392,1629,74604
771188,1629,36255
12708399,1629,54221
13012231,1629,35915
19419898,1629,73145
1387795,1629,73179
20116192,1629,55520
18848086,1629,59927
4848043,1629,42691
9357762,1629,43358
22398895,1629,74464
411389,1629,46962
18521933,1629,43135
9951798,1629,73549
12317687,1629,58060
19281155,1629,64772
8848030,1629,70701
350141,1629,64733
7198399,1629,26088
19042270,1629,70760
14208265,1629,76033
10207773,1629,62410
20823111,1629,58032
21334268,1629,67219
12070306,1629,54190
22621043,1629,45861
12985319,1629,39481
12500321,1629,53821
10965493,1629,74737
2208112,1629,67462
14957396,1629,66740
20407875,1629,67274
22456428,1629,46925
6361761,1629,62254
6132372,1629,52843
20524353,1629,54599
16406659,1629,67906
21458318,1629,69179
5061382,1629,58838
233245,1629,62030
233245,1629,69734
11085964,1629,72403
13688458,1629,65414
9054073,1629,63409
5493959,1629,59555
12304033,1629,56321
19200369,1629,42713
17921526,1629,61938
10479616,1629,67336
10479616,1629,66209
15598159,1629,61187
15598159,1629,55233
20062287,1629,65328
15846925,1629,42567
18792377,1629,70890
15577047,1629,42621
15564895,1629,52266
15564895,1629,53125
11948994,1629,66991
1155064,1629,48668
2574701,1629,78165
12367482,1629,74947
6348063,1629,57948
17679103,1629,73352
3701334,1629,58500
803692,1629,66368
7714916,1629,54313
8943133,1629,54204
11855764,1629,73181
14102841,1629,40032
8036440,1629,60195
13381409,1629,55406
20610401,1629,70038
1995864,1629,47254
20037911,1629,73912
20324657,1629,78951
13387872,1629,79639
481363,1629,71998
16723359,1629,55362
18890534,1629,53866
21492493,1629,70709
14847157,1629,51522
20777490,1629,52198
6101643,1629,57540
11072057,1629,50264
4627849,1629,74354
15073893,1629,36128
12797562,1629,57328
16708487,1629,58733
1799024,1629,54324
8911518,1629,62193
7172880,1629,51989
6468817,1629,56919
7205379,1629,43523
19191735,1629,57374
18593479,1629,72424
18394469,1629,69468
14185952,1629,55449
13849067,1629,52186
11053617,1629,52714
1292176,1629,66071
300966,1629,57372
10781699,1629,69044
245870,1629,73379
21573487,1629,50810
8344227,1629,51139
18587744,1629,78683
10487178,1629,71546
13574467,1629,61219
13574467,1629,64791
14661869,1629,56100
14661869,1629,55390
14661869,1629,51454
13682700,1629,74933
18365062,1629,54512
3603105,1629,43509
9599827,1629,47911
4676030,1629,41347
17235047,1629,53390
11009190,1629,67414
16902188,1629,61291
9795303,1629,39897
18536269,1629,57794
8213086,1629,45112
1533692,1629,69173
21368536,1629,70338
4594507,1629,46184
19910468,1629,67448
4403699,1629,45875
13435417,1629,72922
5687588,1629,73415
8493730,1629,41565
9832194,1629,66021
9832194,1629,66005
943637,1629,73392
7533817,1629,58265
9511734,1629,76579
2985418,1629,60160
15955431,1629,32726
20047506,1629,78541
6188137,1629,69807
8281620,1629,53189
14494748,1629,58163
9543231,1629,57955
12869432,1629,71032
7398763,1629,34226
7507286,1629,35051
7670764,1629,53959
13984304,1629,37613
19874526,1629,40825
22077352,1629,59097
19146962,1629,37523
15745720,1629,57232
10823204,1629,41396
6007244,1629,74923
21233861,1629,77343
17747075,1629,67689
4748334,1629,64636
2781652,1629,56414
15659888,1629,43576
15151100,1629,71863
15386081,1629,60420
19155421,1629,74056
13980056,1629,66633
16650961,1629,57204
13189807,1629,56608
17217126,1629,33299
11907942,1629,44471
20335323,1629,73759
22156373,1629,76292
84754,1629,67684
20676654,1629,48280
19483289,1629,68929
15119207,1629,66848
7275699,1629,42463
19100667,1629,41130
138403,1629,49850
16820323,1629,29196
11690448,1629,67306
18874248,1629,69514
21006461,1629,41919
13042314,1629,54821
12061517,1629,63561
2915526,1629,39998
13809982,1629,57459
12180154,1629,33931
19510070,1629,52029
10390757,1629,59349
10772661,1629,31843
2917792,1629,55388
22586783,1629,56194
15995641,1629,52965
16304785,1629,60326
18867306,1629,56893
15519844,1629,64930
17453203,1629,43440
8758073,1629,60578
3247201,1629,70203
3783028,1629,73009
41141,1629,56542
7731357,1629,37445
4390488,1629,50262
9542372,1629,45210
18830490,1629,67917
15878280,1629,41197
11448142,1629,78685
6387911,1629,66597
821530,1629,74136
7499508,1629,52569
11636059,1629,57012
9468069,1629,69172
16248951,1629,72938
15837185,1629,74591
13881038,1629,71632
13724444,1629,78287
16491227,1629,45628
9192531,1629,54266
210716,1629,74684
14099606,1629,61235
19917970,1629,72425
18274182,1629,65319
20236653,1629,56434
11395266,1629,78077
11589874,1629,73012
8289557,1629,72165
4535420,1629,46741
12191198,1629,68173
8899830,1629,63486
22534408,1629,57962
3200198,1629,76170
5264048,1629,72522
5264048,1629,75310
5063300,1629,74527
18992286,1629,64451
14456662,1629,57923
8210348,1629,72748
22100822,1629,69853
20805816,1629,69243
84686,1629,60986
11728142,1629,56139
3451193,1629,71935
16398876,1629,61021
2636063,1629,62175
5783437,1629,55576
13494391,1629,49873
13494391,1629,47551
16832804,1629,66031
18971076,1629,48597
15279782,1629,66821
19602988,1629,74115
12747937,1629,60519
2135427,1629,49386
14291455,1629,73007
16653959,1629,77566
18937743,1629,63734
18937743,1629,62171
2303831,1629,56128
13602386,1629,60443
4631644,1629,54915
5427163,1629,61432
8240413,1629,77420
3925117,1629,49418
171014,1629,50999
6947512,1629,69111
20362722,1629,62913
8824245,1629,72220
278026,1629,48967
2821668,1629,56430
11823516,1629,51803
11823516,1629,51438
17342291,1629,67090
17612584,1629,58633
17479739,1629,59908
4298946,1629,60996
7094968,1629,49797
6510781,1629,41098
2588440,1629,53296
19454485,1629,76035
19454485,1629,76886
19157986,1629,76451
9042670,1629,73841
16764675,1629,55720
14304060,1629,63268
10329677,1629,57337
11303415,1629,45416
7854144,1629,43288
5859850,1629,60921
5873551,1629,31725
4192989,1629,58784
17365665,1629,69996
17365665,1629,70636
15153486,1629,77777
3065838,1629,71970
10002312,1629,51144
7786875,1629,60103
2199940,1629,73316
2199940,1629,74815
17929454,1629,54548
4609468,1629,34474
2530785,1629,74675
20214534,1629,48193
17395775,1629,66895
8042419,1629,37150
2052663,1629,44561
21261933,1629,36660
6247574,1629,78871
9758531,1629,70051
15284797,1629,67488
9134880,1629,60113
2045855,1629,30690
947029,1629,56252
14718759,1629,77711
22160063,1629,59499
16163740,1629,72375
4769933,1629,49029
18945777,1629,60143
20415354,1629,51591
15892487,1629,43482
10515756,1629,64793
11110634,1629,67790
11110634,1629,66937
21534715,1629,57359
21692688,1629,51467
10262880,1629,71469
7712121,1629,73399
18238625,1629,51766
18732172,1629,53239
9412082,1629,33103
18021304,1629,47159
10473829,1629,70779
20389403,1629,68939
174851,1629,57836
3246376,1629,75398
11442444,1629,66791
5951788,1629,52706
21720296,1629,67123
20627694,1629,69942
979060,1629,29714
5862580,1629,60105
15102970,1629,64828
8044252,1629,52919
11409728,1629,79023
2856507,1629,41319
2856507,1629,38461
16076390,1629,54040
18551590,1629,36250
18551590,1629,40356
18551590,1629,41035
13967736,1629,55003
5271433,1629,76399
9544095,1629,71349
788291,1629,70899
1560937,1629,46806
8453983,1629,48292
7925207,1629,76735
1512047,1629,47132
15896887,1629,62673
15896887,1629,64349
15896887,1629,58729
19066016,1629,64488
20098719,1629,38564
15457571,1629,73023
663483,1629,67565
14877303,1629,41036
12545190,1629,73145
19108407,1629,62960
9940427,1629,69968
376707,1629,50983
4661129,1629,49751
20055941,1629,63112
22386743,1629,43634
7770982,1629,70930
20395796,1629,60633
20395796,1629,55946
14565703,1629,63521
3705434,1629,54288
17549514,1629,30235
16745298,1629,66857
19144256,1629,65890
2859742,1629,68504
9357313,1629,66319
18718144,1629,47016
7629919,1629,56710
18749783,1629,77712
16824628,1629,57920
16551467,1629,53440
14934305,1629,65500
8461572,1629,74633
4939767,1629,52712
9277489,1629,70188
17782977,1629,47028
11673454,1629,74787
11673454,1629,74063
9618677,1629,55823
6360772,1629,36100
4271945,1629,76997
8607256,1629,51784
9772876,1629,75403
12380933,1629,69169
1227129,1629,71249
17258705,1629,46960
9016781,1629,63012
10929980,1629,47311
8258032,1629,68578
20516677,1629,59737
4680552,1629,67341
16170197,1629,57363
18069669,1629,45764
7549234,1629,62040
22134811,1629,50332
3025300,1629,53834
15496366,1629,76675
17806782,1629,74438
9772459,1629,33406
4603822,1629,52527
8190525,1629,37134
7932354,1629,52554
1158067,1629,51803
12898429,1629,59593
20630988,1629,68698
6312172,1629,77485
12879919,1629,73154
9992674,1629,38371
12201646,1629,53239
14186552,1629,61815
5812086,1629,68958
20759447,1629,47159
1972684,1629,58310
6973237,1629,68997
5077120,1629,51473
15743400,1629,38978
10817541,1629,69950
1940044,1629,69888
5521170,1629,61843
6575187,1629,66918
18775505,1629,49682
17331923,1629,66134
851380,1629,63392
6373134,1629,54960
7170615,1629,74236
4181692,1629,46712
5937667,1629,73763
7677781,1629,53607
19789716,1629,51162
10553104,1629,69345
14864450,1629,54484
2200678,1629,68454
15194729,1629,75426
19744445,1629,71858
18792251,1629,79122
18836381,1629,69241
19879664,1629,75225
5194229,1629,74898
9168934,1629,70592
7332546,1629,36541
15970696,1629,45308
7105579,1629,48761
7247606,1629,63782
7247606,1629,60341
9636837,1629,71917
13175769,1629,48398
9233261,1629,57187
12852198,1629,66250
16621678,1629,60408
10409218,1629,45614
14643833,1629,40128
15889899,1629,52638
18396186,1629,78828
11087945,1629,72695
11785459,1629,75098
13979467,1629,61024
1959697,1629,58111
2948549,1629,54350
7512582,1629,72817
13399375,1629,53503
17734476,1629,71216
21999406,1629,60221
9176614,1629,62591
21832855,1629,64657
19553771,1629,70590
10773713,1629,55135
3597491,1629,54921
17306580,1629,58356
8979747,1629,47532
16686861,1629,36911
8608510,1629,66791
3733638,1629,67829
13190549,1629,47633
2318711,1629,57936
11521755,1629,54807
7311050,1629,66534
14262614,1629,77810
22043282,1629,59209
10611655,1629,57039
12994558,1629,39924
7382279,1629,63102
21112337,1629,70388
20636536,1629,69202
7799854,1629,41910
3723601,1629,79160
2347615,1629,74100
9276766,1629,75099
2546836,1629,71787
9897800,1629,58787
20093562,1629,52415
11611410,1629,38625
3329427,1629,52003
21125058,1629,66940
12112614,1629,63458
18544827,1629,72418
9477497,1629,66110
7779613,1629,33299
3269026,1629,74760
38273,1629,66191
13131535,1629,54601
19663190,1629,63610
17797689,1629,56235
14059823,1629,72291
19513442,1629,63973
15141251,1629,57135
2028400,1629,48268
1974787,1629,77474
5365095,1629,59528
880830,1629,58362
20545903,1629,71173
22264098,1629,56624
6002219,1629,62088
17545565,1629,50028
1802577,1629,39166
285345,1629,68233
17281205,1629,59653
8864272,1629,76498
18538233,1629,53566
18538233,1629,52957
15290125,1629,56947
9739776,1629,42586
9739776,1629,40263
20175750,1629,48807
6654746,1629,39341
19385890,1629,76413
19204254,1629,53557
15918569,1629,72970
19727934,1629,59183
4145558,1629,78212
12795229,1629,63600
6113504,1629,51665
14614871,1629,76141
14857954,1629,74091
21982673,1629,70140
12811037,1629,60973
7316738,1629,77392
8510064,1629,52092
4805295,1629,76844
22456195,1629,76248
15333059,1629,75549
15308390,1629,75838
12136667,1629,44315
21900191,1629,59391
13629901,1629,54686
2933441,1629,50520
2489007,1629,67383
13799792,1629,75197
18537924,1629,61038
19102048,1629,76160
8269759,1629,39806
12912760,1629,56223
11371160,1629,36463
7394896,1629,73850
1640647,1629,49617
14876822,1629,72952
597266,1629,74790
11693397,1629,49943
13535026,1629,58434
14988853,1629,57168
16337147,1629,48631
12203659,1629,66841
9128090,1629,43417
16055329,1629,64869
5731245,1629,72441
5095580,1629,71594
9840586,1629,41560
9217973,1629,48786
2092117,1629,56976
21610751,1629,71313
5886498,1629,42260
17297293,1629,44311
12650033,1629,70192
15931192,1629,72881
4282513,1629,57500
14434636,1629,74610
16696697,1629,55640
11456769,1629,53488
8819911,1629,72110
16573613,1629,75947
12357564,1629,57961
21382562,1629,57695
22156585,1629,58718
22156585,1629,38458
22409819,1629,54545
22409819,1629,61237
10781945,1629,43470
6382444,1629,55583
13966878,1629,78824
2627881,1629,42126
12831176,1629,73469
19783370,1629,55958
4048086,1629,54614
2382713,1629,78117
1707172,1629,51948
16937948,1629,53361
21479019,1629,77116
4751496,1629,61059
17296632,1629,52770
13950123,1629,59046
7389531,1629,68202
20405153,1629,37741
830565,1629,49490
20617239,1629,51062
22112756,1629,64166
11629421,1629,71174
15683048,1629,72978
21580332,1629,69136
16448339,1629,73264
4998241,1629,61827
20646673,1629,74052
10875202,1629,49275
12559736,1629,78780
4032529,1629,72211
4032529,1629,68617
2594148,1629,44946
10491261,1629,53731
4672536,1629,68433
5794675,1629,72172
18833191,1629,51877
8622268,1629,45109
4105491,1629,54460
14144793,1629,52409
19671834,1629,41857
17568256,1629,65861
1643152,1629,55789
3083180,1629,71989
15750287,1629,68118
15750287,1629,68204
13973125,1629,49501
12288105,1629,63002
17377380,1629,69379
14345708,1629,75267
14608944,1629,76991
1885779,1629,44731
6870295,1629,67796
941964,1629,38620
9498247,1629,53606
18709972,1629,64070
20367341,1629,36653
10640450,1629,69186
21149769,1629,47580
15251945,1629,62823
5479242,1629,78779
7048724,1629,70515
6501040,1629,63358
11677869,1629,62837
17713867,1629,61807
22443849,1629,65035
3811663,1629,51487
5026859,1629,71419
9487192,1629,50787
9846799,1629,51603
21735348,1629,34556
3017810,1629,58426
8503806,1629,62641
4872854,1629,63060
14556974,1629,36295
20480633,1629,41301
18842744,1629,58526
21717264,1629,60130
368048,1629,66630
15323656,1629,62012
17590754,1629,47367
1693909,1629,60339
10457665,1629,62820
11013560,1629,73988
18340059,1629,61044
3674902,1629,59203
17384375,1629,59205
11893394,1629,72497
4065468,1629,49267
7212331,1629,66694
15025254,1629,76227
5417325,1629,63725
10713077,1629,58896
5521205,1629,71853
12987253,1629,78641
17897088,1629,40153
12306500,1629,38434
13556157,1629,63753
19713810,1629,46437
17456469,1629,44637
5873448,1629,40417
5873448,1629,73388
22176813,1629,46498
13056392,1629,65330
2009101,1629,60962
9319290,1629,72961
9319290,1629,73332
18043651,1629,33906
18904000,1629,72191
15762835,1629,67567
15746550,1629,74733
21742132,1629,75747
15558855,1629,70595
10884148,1629,75277
15873382,1629,77413
22332435,1629,74240
3140472,1629,73869
3460450,1629,72497
14843269,1629,44558
14843269,1629,44211
10214365,1629,72158
9217405,1629,52206
2318563,1629,76980
15346623,1629,69422
19156899,1629,43534
19156899,1629,43284
7307630,1629,64054
18124941,1629,74896
544909,1629,48705
16957786,1629,55747
7949121,1629,45335
15942072,1629,62501
5964060,1629,56920
8995677,1629,71239
18516327,1629,75424
1128548,1629,52815
4613004,1629,42402
17582153,1629,68769
7517456,1629,44480
8510662,1629,53065
21800349,1629,55082
3435973,1629,79338
8858206,1629,60014
10389567,1629,40129
10389567,1629,45157
13599894,1629,46358
683388,1629,65052
8555245,1629,47714
20012305,1629,37344
6156967,1629,51576
6156967,1629,69350
1270669,1629,49500
1270669,1629,48843
3386334,1629,52710
10042362,1629,42624
22478601,1629,48321
5097303,1629,50415
19602087,1629,54701
17568241,1629,52164
6558649,1629,57932
5346264,1629,51176
19112380,1629,52168
16664664,1629,57265
17049538,1629,71190
678142,1629,70619
3988803,1629,52392
6860189,1629,63986
2426180,1629,74395
22223389,1629,66604
3037791,1629,69950
5336198,1629,73616
20349930,1629,45186
11181886,1629,58787
4611248,1629,31981
4403682,1629,53227
18607619,1629,42608
9766332,1629,34895
17642899,1629,57581
5728469,1629,45787
4214735,1629,51694
10611343,1629,54819
632541,1629,68849
7033131,1629,70446
12483630,1629,49206
2712793,1629,70918
19582582,1629,63789
12601258,1629,39238
1318652,1629,38078
1318652,1629,36321
20687024,1629,51491
14457742,1629,78639
12666605,1629,41050
14903210,1629,33335
10246356,1629,77223
17937626,1629,73847
16847753,1629,60002
4070740,1629,64445
239462,1629,71645
1380898,1629,61055
18201018,1629,64518
19941088,1629,47140
1071663,1629,61199
20563541,1629,58929
10288724,1629,56058
6922483,1629,76065
6922483,1629,77563
3825005,1629,66161
13606180,1629,46344
8124686,1629,44144
21240780,1629,75096
21240780,1629,73250
5530812,1629,76643
22587936,1629,51499
6655889,1629,45543
10868994,1629,61876
1763240,1629,55505
4312596,1629,55912
17753196,1629,66680
2113181,1629,56032
18349950,1629,63641
3557647,1629,39673
21156627,1629,50755
21156627,1629,48624
3677629,1629,71404
2927154,1629,68276
16328628,1629,39419
5170758,1629,38074
17493279,1629,69872
13153909,1629,63314
16747852,1629,46853
11424275,1629,62153
17477249,1629,63428
10205151,1629,41162
20379350,1629,39382
12352037,1629,65594
6051377,1629,75494
2215688,1629,57688
1634856,1629,71562
3769855,1629,72374
14147001,1629,44401
10347640,1629,50936
10347640,1629,52135
3502296,1629,55247
18319657,1629,77678
14099420,1629,48918
4045126,1629,59794
4254586,1629,61159
12723892,1629,60454
8442489,1629,63551
15794477,1629,49367
4903854,1629,50441
3140498,1629,47411
8994575,1629,55138
20413673,1629,73768
21002267,1629,62228
2408686,1629,57294
11964881,1629,53427
815450,1629,34136
6902583,1629,36321
19502802,1629,52289
11449639,1629,53154
19119173,1629,73250
19119173,1629,74813
13253270,1629,59794
11429895,1629,63392
5737339,1629,58935
2176604,1629,47259
7496711,1629,43764
614209,1629,33767
14910699,1629,55947
6147196,1629,50399
19911537,1629,68285
19320549,1629,47221
9796689,1629,35312
1243971,1629,64580
2747045,1629,71265
1205423,1629,70366
1614209,1629,74379
10814965,1629,64291
20424502,1629,69220
10889443,1629,73591
1834692,1629,50580
18164894,1629,58003
3250617,1629,68146
20608338,1629,39895
8197790,1629,78711
6791537,1629,39987
4679962,1629,68503
13660900,1629,41776
17800674,1629,59872
22209376,1629,75458
2872816,1629,52506
10694638,1629,50805
4550671,1629,71706
21355032,1629,46316
16788355,1629,49078
12429113,1629,37807
13549695,1629,64482
16727664,1629,52684
6251224,1629,63655
8617657,1629,37596
7966755,1629,72359
19153775,1629,64407
16770511,1629,75243
11905205,1629,70942
12142042,1629,70920
2693746,1629,63062
3728024,1629,42562
15013744,1629,29605
127461,1629,66300
2382163,1629,59170
22199100,1629,70375
19344640,1629,74380
12126108,1629,56156
12667252,1629,56769
19824641,1629,78444
7627389,1629,46308
21201756,1629,66686
22048242,1629,62783
2914416,1629,66214
12761728,1629,68287
5999687,1629,38494
13685592,1629,68596
594255,1629,50136
12771018,1629,69606
100734,1629,75674
100734,1629,73792
10778947,1629,70217
6568172,1629,47191
11678163,1629,78625
16717433,1629,50231
5781196,1629,72030
13163316,1629,78664
11169269,1629,30146
10914816,1629,77679
1134051,1629,49503
22189473,1629,55649
21478605,1629,74633
21478605,1629,75516
711157,1629,50568
11642475,1629,73838
5746850,1629,76860
7843386,1629,74343
7843386,1629,73041
9762115,1629,78391
19265853,1629,54469
3020687,1629,56043
14316576,1629,67046
2856941,1629,67724
16840821,1629,52938
18296129,1629,44254
21984232,1629,66751
3550680,1629,70776
16606219,1629,67769
503650,1629,73426
14707027,1629,51616
9683326,1629,61667
4483602,1629,69990
17384747,1629,74131
17286493,1629,73009
22388172,1629,77267
11018662,1629,51419
3206848,1629,51950
1789049,1629,45609
13462804,1629,61808
1793069,1629,51421
1793069,1629,50488
6481417,1629,31902
17170905,1629,70771
3808226,1629,63518
22218382,1629,46974
20547472,1629,71665
22211317,1629,61531
7194790,1629,68984
3093402,1629,72057
18270871,1629,44510
9174822,1629,78500
13842473,1629,76168
3041357,1629,61242
17112837,1629,49782
8807211,1629,63606
10989429,1629,37411
2863446,1629,74426
2863446,1629,75396
1701137,1629,57079
16696286,1629,76864
615824,1629,38575
18035456,1629,45436
21099085,1629,46729
8654212,1629,49346
6714259,1629,55518
780048,1629,43018
12303098,1629,74105
15120724,1629,69677
2581821,1629,58237
2581821,1629,62343
4157309,1629,71540
19609102,1629,53687
7138242,1629,57026
4666121,1629,71620
16912338,1629,69112
18245230,1629,76267
19484561,1629,64275
7166596,1629,43777
21784642,1629,43244
2157807,1629,58056
12497615,1629,61950
8092699,1629,67120
13225062,1629,47791
17078287,1629,75042
15912900,1629,58353
17273669,1629,62718
13824234,1629,60531
11215088,1629,69072
21353201,1629,78894
6386644,1629,52724
6386644,1629,50471
20329220,1629,68631
11570929,1629,78090
15929364,1629,34003
6652892,1629,66823
6652892,1629,68235
19439612,1629,57276
7750583,1629,68091
4314934,1629,52440
4818454,1629,38011
15116597,1629,79151
4161423,1629,63017
4161423,1629,66247
1931520,1629,75550
5001897,1629,60179
196850,1629,53471
20456451,1629,76326
17738159,1629,54961
3582638,1629,40208
9579693,1629,31359
18596462,1629,42669
21018825,1629,70607
18537687,1629,61981
12571442,1629,63455
11673529,1629,71973
4066175,1629,39042
15057451,1629,43334
1282158,1629,74191
546358,1629,64789
22424134,1629,52978
20215458,1629,78399
2238091,1629,29153
7873892,1629,35144
740468,1629,48781
10623133,1629,73806
21439929,1629,73552
17323005,1629,40536
7541727,1629,46693
7564679,1629,50549
9311742,1629,74160
21252530,1629,57737
14484920,1629,61292
20491263,1629,68950
7772446,1629,67890
4121437,1629,39713
18925682,1629,67580
6152679,1629,46108
10570623,1629,48375
11536813,1629,74580
1414119,1629,46656
11145324,1629,45154
7412118,1629,55067
5517109,1629,71111
10400197,1629,73937
10023663,1629,70305
19798340,1629,46819
19798340,1629,47315
4079374,1629,42453
20529653,1629,36944
20642434,1629,58640
19518928,1629,36511
3564109,1629,52735
4107930,1629,71794
4107930,1629,68561
16629955,1629,77109
783987,1629,59903
13788102,1629,60803
11962465,1629,48792
13584314,1629,48472
11362422,1629,46189
21789413,1629,73054
5747759,1629,65783
13223471,1629,51247
18834905,1629,65705
15333324,1629,43033
7280042,1629,62710
8337138,1629,67389
12650401,1629,57030
17038148,1629,78537
8021845,1629,75205
8021845,1629,74402
21894519,1629,71572
21325863,1629,64745
15704370,1629,61587
345361,1629,52335
8991033,1629,45305
13441456,1629,75901
11590552,1629,58825
13067873,1629,62742
10469057,1629,42025
13234595,1629,56454
10548465,1629,60993
6869410,1629,75771
6941027,1629,52114
8703774,1629,46991
9723501,1629,40598
4222858,1629,80507
15696648,1629,44906
592306,1629,73378
20913813,1629,45304
16283981,1629,71783
6691007,1629,59803
13032544,1629,44546
18053233,1629,74009
18053233,1629,72308
22303429,1629,61796
11564275,1629,59030
4363659,1629,70913
17918197,1629,61194
7550056,1629,54873
7550056,1629,48499
21173212,1629,58785
19991339,1629,46614
19991339,1629,45615
12533973,1629,40206
16208941,1629,50023
6820775,1629,69728
679151,1629,53770
11582615,1629,57150
16696317,1629,73656
197679,1629,73267
17225440,1629,72024
22168905,1629,55143
13289455,1629,73074
13849710,1629,53302
22355685,1629,72712
19732520,1629,78650
560892,1629,64806
15371343,1629,78090
4158388,1629,43296
14303082,1629,59034
20501547,1629,62956
20501547,1629,62007
7952704,1629,66459
5321019,1629,59775
6098259,1629,78117
22133096,1629,44994
6209975,1629,66809
10811246,1629,38161
15921237,1629,77636
19659420,1629,74286
13103058,1629,58816
13735586,1629,57665
4051371,1629,76145
9852036,1629,31639
19143314,1629,71776
706099,1629,74923
5089342,1629,53331
5675951,1629,42613
4449563,1629,33911
1996316,1629,59620
1387654,1629,74553
1550382,1629,48193
18232338,1629,74089
7384659,1629,70900
13305295,1629,82296
11750329,1629,44800
13981923,1629,73033
20750726,1629,57420
20750726,1629,53144
15031672,1629,55765
15031672,1629,54912
15126643,1629,49177
8231805,1629,59959
17209869,1629,50404
19300862,1629,49814
1071235,1629,46456
17613412,1629,32786
12531125,1629,70551
13660023,1629,41325
13660023,1629,42521
15935421,1629,40022
2428757,1629,62016
2240543,1629,50484
10513374,1629,61706
18912662,1629,75370
14958127,1629,70177
12627513,1629,69517
12627513,1629,71865
9838480,1629,71273
6026917,1629,54916
21324357,1629,55348
21389550,1629,46666
6721635,1629,62341
2143813,1629,64657
16891615,1629,47390
15810930,1629,56998
7110708,1629,42575
22282507,1629,45211
17787918,1629,73081
11085205,1629,44148
10255453,1629,64033
13457671,1629,54787
15112768,1629,74364
20872946,1629,55240
10130896,1629,67999
10130896,1629,68686
19847223,1629,41576
19847223,1629,41455
21364060,1629,58780
11290244,1629,64712
11290244,1629,57625
4298298,1629,32591
22048391,1629,68174
21023783,1629,72993
3522384,1629,59168
13563285,1629,72199
10339849,1629,60206
4963025,1629,68494
18719147,1629,60590
11390318,1629,61759
13398946,1629,41774
2437568,1629,52414
7917625,1629,62691
1332158,1629,54807
3225575,1629,37898
5113923,1629,76687
16276505,1629,65855
6120916,1629,40494
20731040,1629,46940
1658430,1629,52095
17294604,1629,49062
8646024,1629,42413
4608948,1629,76301
7758778,1629,60054
8300526,1629,68966
20875313,1629,74617
15793967,1629,77970
8630864,1629,63475
8630864,1629,74829
8630864,1629,64646
471990,1629,60147
12708175,1629,33075
5182878,1629,50368
13011493,1629,53686
19581141,1629,43939
19581141,1629,63029
334677,1629,58280
11911998,1629,39913
10342702,1629,43669
7354948,1629,65751
9030466,1629,76296
10789696,1629,42517
21626088,1629,57729
5143256,1629,50277
4384911,1629,64972
15262806,1629,51619
15829435,1629,78094
7731409,1629,67885
17595106,1629,67054
17595106,1629,47989
17156299,1629,48762
8360044,1629,50570
11338063,1629,79059
21217820,1629,60980
21217820,1629,56635
20624796,1629,75132
5928023,1629,51240
5928023,1629,50788
15799399,1629,72920
9174841,1629,66303
2893886,1629,34585
19766126,1629,77551
2139734,1629,39962
9502764,1629,73440
14594180,1629,65172
21213272,1629,46573
19989554,1629,58315
11658763,1629,74742
8471083,1629,67019
6614733,1629,70610
21332592,1629,44763
20864864,1629,44584
12575782,1629,75229
2628298,1629,73324
2402523,1629,37731
6383809,1629,67926
10076911,1629,65239
16741123,1629,49091
20204721,1629,64967
18617777,1629,43138
8192895,1629,65910
8192895,1629,66767
15214387,1629,44575
3461416,1629,59658
264918,1629,69610
16273552,1629,47462
8059634,1629,46684
20854711,1629,74154
21989904,1629,75180
20576399,1629,62129
18152141,1629,70339
1457051,1629,55409
3186585,1629,47004
11997817,1629,71169
1488544,1629,58539
12950495,1629,55552
2328751,1629,69031
18662862,1629,64047
11524372,1629,63091
12644741,1629,56341
15878311,1629,75593
3997616,1629,43428
8862883,1629,51559
6035564,1629,56830
6035564,1629,59857
6035564,1629,55048
189296,1629,73930
10192687,1629,34370
20785191,1629,73907
2896153,1629,63606
13782336,1629,52485
18988928,1629,39826
21343854,1629,60246
2744971,1629,66086
2744971,1629,65331
1985082,1629,59182
20262026,1629,77981
566691,1629,71839
19810086,1629,52193
936291,1629,63764
19917115,1629,74217
22179226,1629,33395
16913285,1629,60908
20722680,1629,39304
20722680,1629,37800
18506488,1629,75897
15665446,1629,70789
8170936,1629,65851
5005322,1629,31764
2237687,1629,51144
5515214,1629,78735
15169206,1629,59953
15169206,1629,59218
13991715,1629,55970
8218814,1629,66273
18915842,1629,72976
21156736,1629,72240
13231694,1629,57164
2311358,1629,63988
6217427,1629,56627
16774340,1629,44860
21249280,1629,44118
19026222,1629,48167
11463664,1629,45018
7562251,1629,69187
3734317,1629,45674
22384524,1629,74630
5738928,1629,62535
13250676,1629,73292
11208376,1629,64987
13489707,1629,50730
4957351,1629,75533
17775515,1629,60664
12847842,1629,64496
7680124,1629,55549
3582973,1629,74802
16292296,1629,70239
14179361,1629,57630
10887979,1629,37333
10887979,1629,62816
3520027,1629,44626
20192770,1629,55271
4024935,1629,55589
13743390,1629,51776
21819630,1629,75759
15453416,1629,71249
6077785,1629,34412
21672768,1629,60452
9155865,1629,61612
2289358,1629,74329
166351,1629,71917
19538629,1629,43005
6382021,1629,45405
20824638,1629,51140
5503467,1629,72413
5638207,1629,44617
20799680,1629,60254
15484322,1629,66601
11802935,1629,58556
6302711,1629,55721
10244337,1629,78369
4063340,1629,67445
3681863,1629,69952
3681863,1629,68063
20994924,1629,65492
12330846,1629,60514
707824,1629,38451
411232,1629,56045
6940452,1629,55284
19295821,1629,55153
3792654,1629,39972
14353634,1629,64175
72375,1629,51301
4408907,1629,67798
16280969,1629,68659
7136413,1629,49254
6239874,1629,65297
4655066,1629,44506
6439445,1629,51725
16876320,1629,65999
18946336,1629,64270
15588412,1629,75291
15588412,1629,72012
20789896,1629,56245
14795290,1629,42317
9328036,1629,36735
7624713,1629,45500
10099878,1629,48445
4434363,1629,48892
19283253,1629,38947
5616360,1629,50755
5491760,1629,41554
8151019,1629,68338
16690939,1629,42513
1053290,1629,70010
16143472,1629,59285
7736033,1629,71499
5857865,1629,72923
16661657,1629,37516
17915508,1629,74523
14510921,1629,43639
3832867,1629,63884
13348995,1629,67386
22095712,1629,63384
22095712,1629,62117
3666471,1629,68422
2899146,1629,72782
14748061,1629,37388
16440456,1629,56673
1847081,1629,74518
21106910,1629,49907
18386196,1629,48012
9168024,1629,60811
9110934,1629,44443
20743907,1629,67889
16898576,1629,59213
6283622,1629,56932
4545869,1629,57061
21408205,1629,62536
1383405,1629,75519
18981317,1629,53261
17563811,1629,65606
17563811,1629,68766
22016043,1629,74924
11438857,1629,50779
19305132,1629,76137
16942210,1629,62205
12405993,1629,68949
5706382,1629,42097
16952510,1629,58785
14880403,1629,72208
10022792,1629,63573
10022792,1629,63569
10022792,1629,58155
16661930,1629,63546
14437299,1629,72168
7004710,1629,52695
13346973,1629,43765
11257145,1629,39533
21605478,1629,50090
8623892,1629,73770
14219460,1629,48127
5672065,1629,75317
12764814,1629,75385
13167520,1629,72850
10712920,1629,42188
14744692,1629,50396
17767475,1629,49193
8333787,1629,51856
17311898,1629,74686
11729717,1629,66307
21687630,1629,50667
21687630,1629,38862
16499409,1629,66216
2290531,1629,46224
18311432,1629,62604
3566072,1629,52571
19929810,1629,62353
8608519,1629,63406
10554667,1629,61069
10554667,1629,59775
6191537,1629,59069
13224626,1629,37951
1320801,1629,74746
13569661,1629,56532
8152364,1629,34619
13075941,1629,59369
15080458,1629,63624
1853870,1629,59274
9341427,1629,57161
18191706,1629,55608
18191706,1629,54588
9944136,1629,68022
5027175,1629,62291
5797278,1629,33626
18166753,1629,72234
5487110,1629,59013
10276154,1629,75950
6552963,1629,46941
17537167,1629,45466
12972795,1629,43661
12972795,1629,42455
17314429,1629,47848
10110300,1629,55822
21066304,1629,46414
2153493,1629,32212
10744688,1629,68939
20702619,1629,41766
21211990,1629,42649
10444204,1629,38140
11302923,1629,65424
14548296,1629,69838
3858619,1629,55191
22599401,1629,37794
12680681,1629,72260
3535136,1629,55187
1053757,1629,58866
13134005,1629,40113
17856998,1629,71410
17856998,1629,66739
21091634,1629,77649
16978566,1629,69155
18428311,1629,37780
6096483,1629,48655
192554,1629,47745
8155228,1629,47848
15797995,1629,54081
8009691,1629,50239
5034511,1629,45474
4787999,1629,71263
11360530,1629,45312
18302351,1629,58309
15121067,1629,66090
16444868,1629,77031
6683423,1629,69086
6249724,1629,50455
14296147,1629,74534
3944766,1629,60162
15027279,1629,60004
12739177,1629,62687
10585401,1629,65100
4671822,1629,57523
9065146,1629,44491
8676398,1629,74222
17515503,1629,68442
19959110,1629,74216
18928729,1629,75312
8296536,1629,54907
19232471,1629,52487
7884192,1629,40212
9493714,1629,40365
5136538,1629,66964
5054454,1629,71443
11903980,1629,38792
12262202,1629,42809
9473131,1629,51751
4016366,1629,41702
8106630,1629,74695
5182950,1629,45498
7531366,1629,59363
10532204,1629,42984
18799224,1629,30709
5726271,1629,49455
17898059,1629,41665
6802530,1629,65999
21934127,1629,75024
21200717,1629,54475
6405108,1629,69990
8633380,1629,50443
14743397,1629,47096
4308910,1629,63844
7367892,1629,77629
20811696,1629,58352
498063,1629,63114
18651020,1629,74475
114506,1629,73168
21062157,1629,60493
15261863,1629,57085
13248277,1629,58695
3553357,1629,79010
22268284,1629,54735
6971724,1629,79178
13718785,1629,63851
13490488,1629,44575
7291838,1629,34284
7291838,1629,30739
20409238,1629,47637
10270639,1629,52140
17850074,1629,73182
2399981,1629,35161
1111274,1629,47888
13854737,1629,41555
3625628,1629,38241
13870276,1629,71440
11112828,1629,67006
10075085,1629,54539
13132970,1629,52291
18822152,1629,55852
12996912,1629,47767
20304126,1629,66327
165847,1629,40097
3712859,1629,63150
7619554,1629,69392
7530837,1629,68988
7530837,1629,67427
22370641,1629,45520
8414410,1629,63058
20002704,1629,58307
16854116,1629,56343
16854116,1629,66566
1071258,1629,68067
11324178,1629,47813
4920452,1629,49454
7040377,1629,62202
19035873,1629,53375
22139760,1629,68889
20543648,1629,69454
18788947,1629,61506
15352604,1629,69704
7080190,1629,72022
3212897,1629,60094
18976199,1629,79145
20950578,1629,75222
20651979,1629,58952
14452017,1629,58470
8029338,1629,61329
8591833,1629,74053
1534319,1629,38016
1534319,1629,41927
1534319,1629,42631
12156495,1629,71880
9476779,1629,45953
22006504,1629,40265
18349651,1629,66224
578173,1629,48606
18661925,1629,50453
12924584,1629,73918
22106545,1629,74792
17446511,1629,55295
8687462,1629,58819
21056058,1629,56095
8331561,1629,66809
14233790,1629,40288
19284874,1629,64591
15974425,1629,46057
20992817,1629,72863
21157665,1629,72219
10038182,1629,78324
16302261,1629,58412
16370149,1629,46486
8644263,1629,43358
8644263,1629,41623
3680798,1629,75018
20633598,1629,36384
4099079,1629,44008
12135758,1629,73097
4138431,1629,60026
6124836,1629,69890
6124836,1629,68816
16815377,1629,49191
6002451,1629,52996
6002451,1629,57485
2721828,1629,72660
3082358,1629,64222
9697224,1629,68851
4724518,1629,59836
10301566,1629,41502
2820895,1629,58871
21825706,1629,30079
1182159,1629,28890
17651668,1629,54263
17651668,1629,58700
3099093,1629,44859
242804,1629,50067
5398693,1629,46634
1892027,1629,74792
921013,1629,44220
921013,1629,56151
921013,1629,49748
921013,1629,50965
921013,1629,59383
921013,1629,50345
921013,1629,55749
921013,1629,50929
921013,1629,51209
921013,1629,50601
921013,1629,48972
921013,1629,58367
921013,1629,57128
921013,1629,46187
921013,1629,59407
921013,1629,49042
921013,1629,65981
921013,1629,54977
921013,1629,56533
921013,1629,48224
921013,1629,61338
921013,1629,56368
921013,1629,50305
921013,1629,64464
921013,1629,56343
921013,1629,51173
921013,1629,50461
921013,1629,44387
921013,1629,47465
921013,1629,54830
921013,1629,52248
921013,1629,49447
921013,1629,56479
921013,1629,61276
921013,1629,61936
921013,1629,62717
921013,1629,59022
921013,1629,44078
921013,1629,57401
921013,1629,51152
921013,1629,50761
921013,1629,47866
921013,1629,51071
921013,1629,46552
921013,1629,59366
921013,1629,58963
921013,1629,57366
921013,1629,54392
921013,1629,58559
921013,1629,44358
921013,1629,50117
921013,1629,50146
921013,1629,55170
921013,1629,60413
921013,1629,52278
921013,1629,58785
921013,1629,41212
921013,1629,56576
921013,1629,58301
921013,1629,57016
921013,1629,48029
921013,1629,54881
921013,1629,51086
921013,1629,48222
921013,1629,56648
921013,1629,53873
921013,1629,65352
921013,1629,49184
921013,1629,55552
921013,1629,38654
921013,1629,51786
921013,1629,52035
921013,1629,52244
921013,1629,52687
921013,1629,52028
921013,1629,56067
921013,1629,63748
921013,1629,47787
921013,1629,45827
921013,1629,55408
921013,1629,52260
921013,1629,49351
921013,1629,58486
921013,1629,56930
921013,1629,50004
921013,1629,49082
921013,1629,53834
921013,1629,56316
921013,1629,52943
921013,1629,51563
921013,1629,55501
921013,1629,51304
921013,1629,47973
921013,1629,55607
921013,1629,40518
921013,1629,53981
921013,1629,56809
921013,1629,54789
921013,1629,52122
921013,1629,63398
921013,1629,45135
921013,1629,55647
921013,1629,64646
921013,1629,54693
921013,1629,55908
921013,1629,50614
921013,1629,46628
921013,1629,37926
921013,1629,46211
921013,1629,56414
921013,1629,49322
921013,1629,58629
921013,1629,50595
921013,1629,56692
921013,1629,63722
921013,1629,61101
921013,1629,58203
921013,1629,60148
921013,1629,50264
921013,1629,55027
921013,1629,47265
921013,1629,54042
921013,1629,56324
921013,1629,53435
921013,1629,51171
921013,1629,48981
921013,1629,52285
921013,1629,55183
921013,1629,45566
921013,1629,57988
921013,1629,54290
921013,1629,47890
921013,1629,54654
921013,1629,53276
921013,1629,54042
921013,1629,60973
921013,1629,51380
921013,1629,58903
921013,1629,52666
921013,1629,61361
921013,1629,56159
921013,1629,48323
921013,1629,48941
921013,1629,48820
921013,1629,51966
921013,1629,44866
921013,1629,48505
921013,1629,56047
921013,1629,54724
921013,1629,59570
921013,1629,54568
921013,1629,55339
921013,1629,47874
921013,1629,48358
921013,1629,51886
921013,1629,58007
921013,1629,56107
921013,1629,53364
921013,1629,52593
921013,1629,52867
921013,1629,58810
921013,1629,45352
921013,1629,49910
921013,1629,61842
921013,1629,52641
921013,1629,48357
921013,1629,52211
921013,1629,63898
921013,1629,58498
921013,1629,54969
921013,1629,41110
921013,1629,52336
921013,1629,62804
921013,1629,66083
921013,1629,52586
921013,1629,49669
921013,1629,56326
921013,1629,48340
921013,1629,53488
921013,1629,53902
921013,1629,57018
921013,1629,49692
921013,1629,46355
921013,1629,54633
921013,1629,49418
921013,1629,59787
921013,1629,52903
921013,1629,48070
921013,1629,63152
921013,1629,59656
921013,1629,57211
921013,1629,57479
921013,1629,50880
921013,1629,45619
921013,1629,57118
921013,1629,49469
921013,1629,52883
921013,1629,59656
921013,1629,45042
921013,1629,55750
921013,1629,46371
921013,1629,47391
921013,1629,66285
921013,1629,55175
921013,1629,58608
921013,1629,62146
921013,1629,62446
921013,1629,42934
921013,1629,57343
921013,1629,53740
921013,1629,59213
921013,1629,55023
921013,1629,48738
921013,1629,49366
921013,1629,54794
921013,1629,53808
921013,1629,55167
921013,1629,48737
921013,1629,57818
921013,1629,53851
921013,1629,49231
921013,1629,52001
921013,1629,61752
921013,1629,48732
921013,1629,48803
921013,1629,57478
921013,1629,68708
921013,1629,45261
921013,1629,50080
921013,1629,60958
921013,1629,66958
921013,1629,56996
921013,1629,53454
921013,1629,59266
921013,1629,42996
921013,1629,54919
