19053247,1629,47366
6200845,1629,42538
3169594,1629,56154
18326888,1629,43303
2931309,1629,28024
21023010,1629,57276
18397814,1629,72052
4051940,1629,55560
20367715,1629,78489
9129700,1629,37446
9129700,1629,36636
21780624,1629,74706
17933077,1629,53056
14257811,1629,74569
4506352,1629,64118
4635364,1629,53108
4635364,1629,67562
4248066,1629,63164
3977348,1629,58343
16311307,1629,61493
11624560,1629,40995
4237703,1629,72559
5831037,1629,41699
34266,1629,64520
20297946,1629,65269
21434948,1629,60992
8938924,1629,59188
3060177,1629,60315
21087104,1629,41301
18081582,1629,48909
18534488,1629,70422
4202670,1629,55305
2198479,1629,73641
8996931,1629,74028
22105104,1629,49065
22105104,1629,66011
9685354,1629,68581
1717260,1629,70756
18050781,1629,58215
13649884,1629,79128
1155576,1629,70553
2539786,1629,60447
6616978,1629,62013
21532855,1629,40982
21482874,1629,75627
5854305,1629,67557
173609,1629,36106
10404093,1629,73721
16598704,1629,32312
15946473,1629,52575
13774534,1629,40790
5985124,1629,64373
2518326,1629,51284
3433640,1629,68015
3433640,1629,69030
12692110,1629,68688
18739119,1629,48799
21665492,1629,74303
6112194,1629,74760
20174698,1629,55399
2694243,1629,81613
6827821,1629,70796
14574723,1629,77874
15270246,1629,78909
9556888,1629,52273
10791180,1629,55681
7326377,1629,55904
21422823,1629,59585
11522824,1629,71929
9565829,1629,47963
16965929,1629,54369
3985841,1629,78256
3915506,1629,77971
2447443,1629,73761
6344203,1629,54387
10942771,1629,58404
16604679,1629,59523
20272491,1629,30564
14268578,1629,57481
4185303,1629,45090
5661563,1629,74535
4160143,1629,72941
8916248,1629,63277
19812130,1629,53019
14781451,1629,58206
11370497,1629,73598
12081132,1629,78824
5661380,1629,64444
8247247,1629,72306
14088620,1629,54509
5932534,1629,67384
10049606,1629,64159
18057242,1629,45369
7905495,1629,75171
15093117,1629,69243
12242272,1629,70975
15161625,1629,37391
874737,1629,74632
18522585,1629,55189
21938739,1629,67411
4954553,1629,36791
3005974,1629,46750
17259480,1629,45883
5105803,1629,52593
19706901,1629,65536
9937293,1629,65005
19790269,1629,60251
17522123,1629,68724
19527246,1629,34096
3204207,1629,70536
18514937,1629,71275
14905241,1629,42370
5000612,1629,73016
22623482,1629,73365
9431134,1629,75987
709211,1629,40988
1047661,1629,62752
16933251,1629,50846
6506515,1629,72692
6506515,1629,74723
6506515,1629,68983
13506417,1629,65496
21828521,1629,40544
22595108,1629,60663
18222680,1629,47496
11113568,1629,74152
1368522,1629,71520
1368522,1629,73771
11998342,1629,75896
10886788,1629,51505
9754098,1629,53659
10631417,1629,50117
17950729,1629,74452
17329584,1629,54179
12499080,1629,76544
11223065,1629,69902
10743594,1629,66837
17605224,1629,44258
9716347,1629,60204
9327398,1629,76992
9327398,1629,29508
20046134,1629,65453
13406951,1629,58149
1465190,1629,64028
13878172,1629,51734
13522214,1629,68163
4922398,1629,49539
4288927,1629,64703
6478873,1629,54566
3871701,1629,29866
9314178,1629,58278
11779814,1629,42641
17673955,1629,60849
19670619,1629,65423
11259196,1629,62143
3635336,1629,58639
18505446,1629,40856
11779814,1629,30949
16077701,1629,73347
19670833,1629,50343
16397067,1629,48624
6093487,1629,74360
6675686,1629,77724
6675686,1629,77195
3382527,1629,68614
1451643,1629,64090
9544820,1629,48616
22138651,1629,66260
9921947,1629,76167
16107240,1629,68307
17240388,1629,47047
22522014,1629,47133
17980089,1629,48011
18349300,1629,57595
19886652,1629,75847
19191493,1629,42994
3321021,1629,58260
19383722,1629,74282
18225626,1629,53799
18742983,1629,75916
18188554,1629,74647
2215834,1629,38697
5639652,1629,49606
2220856,1629,58896
3240751,1629,71488
18340717,1629,44466
12235779,1629,71205
14811766,1629,78717
15624854,1629,51112
22052184,1629,56272
6757006,1629,68717
20533966,1629,53065
2645550,1629,70615
15516232,1629,73305
8148650,1629,57806
16900961,1629,62783
7148575,1629,66552
10267307,1629,45892
9519652,1629,66627
4802635,1629,55463
19182283,1629,60079
14961317,1629,42779
16877786,1629,72524
12367928,1629,48660
12782704,1629,55840
4401003,1629,60627
4260217,1629,78856
15447264,1629,72707
15782785,1629,72849
16878506,1629,57008
14484529,1629,64074
15105550,1629,33584
830243,1629,74348
1354508,1629,72453
18386763,1629,62760
19584285,1629,62408
13104962,1629,39548
14803701,1629,48703
12409897,1629,49567
1783288,1629,33867
16547831,1629,65300
16529254,1629,45236
14347621,1629,62659
3135276,1629,78241
1297650,1629,73704
9713643,1629,53582
18192746,1629,71734
18854962,1629,66545
4747668,1629,49067
18113447,1629,67112
17490204,1629,68834
22154229,1629,65687
1809627,1629,57025
18914917,1629,76024
674603,1629,57758
10776735,1629,47824
15322465,1629,41529
15322465,1629,40434
4879199,1629,78008
13306031,1629,74216
12537071,1629,67940
21809602,1629,47928
22520504,1629,56904
6652256,1629,53464
18097118,1629,77016
8923043,1629,68402
253325,1629,76113
1585699,1629,61240
11697470,1629,56146
3945545,1629,48793
20657546,1629,77999
17337602,1629,53614
1504857,1629,75212
10864456,1629,74226
18610449,1629,73851
12862216,1629,57472
1084001,1629,47480
10857863,1629,33298
6693978,1629,70336
12281214,1629,69687
12883142,1629,40674
8825091,1629,59033
14609729,1629,62812
15960225,1629,68901
6882952,1629,59918
6262198,1629,77110
13297730,1629,35512
17974361,1629,76458
3480604,1629,63113
21573021,1629,67078
8315106,1629,70091
1637814,1629,74839
22102175,1629,69276
1319137,1629,63457
13185967,1629,75750
13185967,1629,78029
3893756,1629,52528
8487374,1629,71231
1133797,1629,63392
21941415,1629,41088
7449155,1629,79161
831187,1629,69639
2991171,1629,45509
4819815,1629,72732
10350636,1629,29194
15055238,1629,70864
197504,1629,77808
2350319,1629,47020
11295049,1629,74649
7003577,1629,44776
8421520,1629,36574
1626029,1629,71221
16859100,1629,70715
20451108,1629,63430
1850713,1629,38700
21578659,1629,50634
19826002,1629,38738
22591340,1629,62940
4350509,1629,71169
20342045,1629,43661
3667331,1629,75599
9465707,1629,48730
18203866,1629,64339
9350280,1629,48739
19004565,1629,72001
19004565,1629,77411
14818177,1629,76231
20648308,1629,78067
21467830,1629,64813
21467830,1629,66045
13109624,1629,60967
16061795,1629,65367
6586956,1629,45728
9970066,1629,69846
20272693,1629,63762
8332180,1629,70413
13342528,1629,76593
7263652,1629,75850
3112923,1629,30814
16164857,1629,78825
2379756,1629,57700
20042778,1629,74169
20691110,1629,31976
3910356,1629,50822
22579542,1629,70808
15450382,1629,71259
8021866,1629,39763
19134112,1629,60995
19134112,1629,59871
12220012,1629,49606
11769386,1629,67154
19937446,1629,71015
11984014,1629,62091
2795333,1629,55596
7787052,1629,69053
5965546,1629,56155
17201134,1629,73882
16734340,1629,65129
15916796,1629,58488
12203331,1629,42797
18143459,1629,74853
8994562,1629,53551
13095390,1629,50199
10553136,1629,69862
8396351,1629,59685
16142933,1629,46713
4200726,1629,74860
15990765,1629,70799
21562126,1629,41296
12196327,1629,50253
15991787,1629,52783
19532761,1629,68677
1508510,1629,50829
21074784,1629,44361
6712526,1629,50338
286167,1629,76345
20320203,1629,36069
4759010,1629,60569
10926287,1629,49541
1926149,1629,66694
22352419,1629,67557
17408624,1629,54204
2315969,1629,59966
2315969,1629,76610
16712051,1629,54860
12336885,1629,75521
8880838,1629,70480
14938241,1629,68738
8585945,1629,72148
14593561,1629,47028
1560721,1629,49409
19444857,1629,57322
14915527,1629,50689
5958302,1629,60120
20761573,1629,74263
21066969,1629,55085
21066969,1629,60841
17451555,1629,69692
14871742,1629,69868
9135881,1629,67330
11086376,1629,66130
17436440,1629,57522
20592567,1629,67499
20592567,1629,65576
21373823,1629,73460
15619140,1629,68609
15081490,1629,74189
2581574,1629,77476
7167083,1629,47413
7167083,1629,50236
15595671,1629,36274
5986641,1629,64724
4793159,1629,60342
18382080,1629,40729
1566959,1629,73975
12889173,1629,54601
8130774,1629,64769
16545964,1629,61562
9348926,1629,67580
1770735,1629,70224
21517428,1629,71413
4316462,1629,63519
2639878,1629,75446
2639878,1629,77664
2639878,1629,77921
3582330,1629,54299
3582330,1629,59835
15486563,1629,76784
5520510,1629,63472
22505581,1629,58885
22505581,1629,58807
13645081,1629,77085
7861857,1629,65964
20335663,1629,41324
4066379,1629,59559
1025446,1629,75969
12880700,1629,65589
15855076,1629,67387
434281,1629,62598
11501727,1629,54896
12523290,1629,71717
13331701,1629,42521
19314367,1629,72167
17262788,1629,79125
9854537,1629,59756
19128725,1629,71480
9666831,1629,38563
2306661,1629,62356
9333510,1629,79661
21874197,1629,67123
4995528,1629,70654
13097277,1629,40369
20041482,1629,64467
20041482,1629,39624
13985130,1629,66844
14488438,1629,32792
10261090,1629,55659
19831860,1629,38363
19831860,1629,38206
8583884,1629,31048
3398118,1629,76153
9531296,1629,78322
9448633,1629,57671
14050217,1629,73151
15043425,1629,73651
20728820,1629,74855
14054424,1629,55634
9434349,1629,68645
16579847,1629,69367
10161178,1629,42254
4087155,1629,56330
4112490,1629,72075
4964664,1629,75431
11032795,1629,45038
16376760,1629,57616
3905561,1629,69354
2820050,1629,49078
4634351,1629,45208
9710337,1629,72813
11440593,1629,75592
17761478,1629,58266
8925849,1629,59138
4090503,1629,54930
13857734,1629,61351
17060345,1629,35570
20984492,1629,71073
18339954,1629,50019
10908413,1629,60484
14881384,1629,60400
2587397,1629,64460
855656,1629,66550
17794542,1629,52909
21378982,1629,44206
5820809,1629,72508
21532210,1629,38974
7410471,1629,63574
3840845,1629,73568
21257469,1629,55163
1302692,1629,53485
15455512,1629,63994
6034819,1629,56117
16037986,1629,59462
8713124,1629,58151
21016262,1629,74382
15960843,1629,69014
1326724,1629,53022
21900525,1629,67932
1799457,1629,63159
16333481,1629,77608
9096760,1629,57629
13925107,1629,45444
2312321,1629,55688
6325501,1629,38647
7241921,1629,71473
13142028,1629,43780
15548815,1629,50394
10811209,1629,48792
13293985,1629,72117
10202582,1629,53687
13241238,1629,70894
7227862,1629,75825
829654,1629,31411
8431549,1629,61399
11134811,1629,64045
6992880,1629,75609
7246146,1629,72512
2091977,1629,47609
18485054,1629,72777
4198144,1629,68973
17513027,1629,43846
874220,1629,64478
20908306,1629,71970
19084007,1629,52606
6448689,1629,74630
22200257,1629,58366
17836174,1629,66495
21246553,1629,73437
695679,1629,73577
2772487,1629,60205
10997293,1629,71558
12883670,1629,57125
18810431,1629,58508
10453980,1629,61462
3283284,1629,71249
3283284,1629,71375
4161401,1629,66269
17846576,1629,44671
1591846,1629,52446
1591846,1629,53856
1372524,1629,63572
17734002,1629,69795
20768075,1629,62078
22604797,1629,43135
22604797,1629,40911
12998921,1629,62897
14522754,1629,72883
14522754,1629,76018
20548447,1629,35361
21588325,1629,71187
18899805,1629,55445
16343433,1629,69383
3263843,1629,64110
22335420,1629,62426
22335420,1629,59017
9106438,1629,70023
19908931,1629,55269
949761,1629,43559
12369466,1629,74109
20830432,1629,60817
13690458,1629,63028
11872952,1629,44815
10320165,1629,53157
13475432,1629,63506
4803144,1629,56858
5541479,1629,37291
15887618,1629,35196
4400378,1629,54938
17391898,1629,49152
1186218,1629,48964
12925518,1629,64154
1489499,1629,67999
10546736,1629,55397
17334600,1629,75065
17334600,1629,73461
3205578,1629,66260
8123857,1629,52470
661705,1629,51440
202176,1629,74938
831995,1629,60187
4839060,1629,58199
6101338,1629,68376
17918257,1629,36002
20507888,1629,50165
13634379,1629,47819
13634379,1629,47672
10698501,1629,73012
7082469,1629,50912
310321,1629,65529
17765929,1629,73178
17857741,1629,45928
8806421,1629,58976
16868382,1629,55318
19984490,1629,58713
18606493,1629,50765
21162385,1629,56285
4412829,1629,56882
7679548,1629,59654
6512493,1629,72729
14157485,1629,59589
10615449,1629,78037
15974254,1629,56070
4176495,1629,61678
21270067,1629,48213
3781728,1629,49147
21366167,1629,43341
10188528,1629,46443
16267221,1629,58248
14314298,1629,71403
18648401,1629,75673
1362433,1629,57780
744695,1629,73834
1640268,1629,75564
5501039,1629,48390
5501039,1629,73066
13644155,1629,59370
18748629,1629,56324
18374702,1629,57272
9102468,1629,49248
4727597,1629,79058
20928755,1629,48599
16192580,1629,59170
3390629,1629,77628
10436163,1629,40550
13135866,1629,58755
5781181,1629,63363
6493238,1629,61950
1639965,1629,68496
7188791,1629,65637
3799093,1629,72637
21210868,1629,71246
6597376,1629,64823
1482823,1629,67277
5758206,1629,68391
10339727,1629,53959
14688215,1629,52976
3212764,1629,58214
18322821,1629,79173
10705360,1629,67633
21533444,1629,70982
9663271,1629,75327
10419855,1629,57991
16502860,1629,45893
8207077,1629,75687
11569186,1629,75912
11849249,1629,60041
10698336,1629,75395
21915642,1629,62522
17330247,1629,61845
22560737,1629,66120
13404355,1629,37504
2211412,1629,56205
20475346,1629,66980
20475346,1629,68042
20129058,1629,73548
13862793,1629,77661
22276778,1629,67856
21128829,1629,57187
19113713,1629,68835
14875787,1629,55943
18971848,1629,78589
3963911,1629,43034
15884940,1629,65137
15884940,1629,62359
8417412,1629,37952
9034174,1629,64104
18427453,1629,36817
610763,1629,59685
17934649,1629,64022
21098033,1629,42307
21098033,1629,42597
12880062,1629,70852
8292735,1629,62578
12415230,1629,60148
12261817,1629,46209
21410485,1629,40657
10038581,1629,79167
10457841,1629,65330
10457841,1629,68459
10457841,1629,71494
4117978,1629,50063
10643648,1629,77084
20677135,1629,51367
22604998,1629,52988
22604998,1629,53955
11837708,1629,50765
5279842,1629,48116
17465434,1629,78606
7256793,1629,75640
12081001,1629,55090
18401707,1629,74872
119839,1629,45106
13903364,1629,59345
13903364,1629,57756
13663160,1629,64457
2297666,1629,65904
2979268,1629,68536
11019843,1629,68592
12697674,1629,50637
13664673,1629,35583
1886710,1629,36582
3134948,1629,46143
14171574,1629,73084
18909427,1629,71022
7781542,1629,77899
9384175,1629,64621
8684829,1629,75345
10472399,1629,65649
1312996,1629,61947
15011781,1629,41302
20134141,1629,41329
16005555,1629,55711
20257826,1629,41286
8106566,1629,76295
8916057,1629,69317
6674684,1629,55983
7165105,1629,72118
11281829,1629,42888
2580506,1629,72539
16639438,1629,57705
4822992,1629,68178
18196756,1629,40888
7701512,1629,46430
21234331,1629,33831
15495323,1629,77897
1816195,1629,65520
8729913,1629,57672
18004725,1629,50208
16199863,1629,69994
10057067,1629,73880
17194912,1629,61424
264511,1629,62580
16545352,1629,59844
12773434,1629,50228
13016394,1629,69949
11672615,1629,70587
18493099,1629,52662
10935878,1629,46804
6459209,1629,41960
382143,1629,34128
12836331,1629,73411
11428039,1629,49703
1860889,1629,72445
9171537,1629,37171
22365221,1629,67932
3118441,1629,67738
12995419,1629,60653
16534847,1629,47744
20162371,1629,70417
16844214,1629,61483
21613131,1629,55782
20121912,1629,38016
10426388,1629,68375
12774143,1629,58776
200002,1629,48465
20897643,1629,71900
16920830,1629,55374
12292167,1629,70798
18521456,1629,37950
21512614,1629,51194
18164384,1629,75144
5356610,1629,71379
15502029,1629,65700
9008556,1629,63832
22004935,1629,74497
8866772,1629,42462
13271411,1629,77938
4915038,1629,40095
13537117,1629,67253
1186124,1629,63254
20079276,1629,73571
19765267,1629,70672
20079276,1629,72252
13829373,1629,70050
6146507,1629,40463
19523878,1629,71113
3219939,1629,61613
5577073,1629,49112
17867230,1629,68896
5856797,1629,48230
15888440,1629,74919
711621,1629,48390
4575727,1629,70183
11625786,1629,71254
13563125,1629,56860
6692006,1629,63006
14485094,1629,38261
16605076,1629,57683
2171729,1629,75781
2615524,1629,48474
17763945,1629,62488
4125937,1629,61622
5759816,1629,57415
19433721,1629,72481
7243286,1629,62560
373532,1629,53865
10883687,1629,55609
11096253,1629,74481
12424428,1629,56887
1289896,1629,49467
1756310,1629,48062
10754923,1629,75206
16861075,1629,74666
7284550,1629,69752
7483047,1629,31108
1604271,1629,73137
13540317,1629,43656
12918886,1629,52900
12918886,1629,35650
14803690,1629,45103
7587695,1629,55719
3239543,1629,72878
22465504,1629,36855
9828773,1629,56820
7308437,1629,65858
18510430,1629,69712
6943815,1629,42170
7857972,1629,64712
20250452,1629,48255
22048738,1629,53670
13656481,1629,65151
19720329,1629,60717
7353626,1629,41727
21562269,1629,66108
14316191,1629,46087
18821386,1629,54696
19970157,1629,77339
15204969,1629,52850
19549979,1629,42107
19549979,1629,42117
15588068,1629,70029
5843340,1629,50980
13246583,1629,72764
10658704,1629,82308
17429270,1629,70525
5719166,1629,68092
158024,1629,57880
7699948,1629,65979
20973185,1629,62621
5554744,1629,63420
11660509,1629,79000
4000389,1629,55073
6685009,1629,50604
1620660,1629,55034
19377108,1629,66374
3331767,1629,69167
9282100,1629,68051
11038907,1629,64971
2732706,1629,64775
21587143,1629,32963
18125735,1629,63206
13527245,1629,68071
7023193,1629,40882
6677872,1629,49813
9080033,1629,61484
1785206,1629,72220
6078610,1629,63399
13382584,1629,69823
991288,1629,72887
6609715,1629,42181
12725988,1629,60714
12725988,1629,59233
15109572,1629,48903
15235872,1629,33786
21193930,1629,59642
13643670,1629,74920
7496197,1629,44450
18629776,1629,35849
16807212,1629,70633
19109080,1629,76648
7758903,1629,46747
14902695,1629,50427
15542289,1629,72327
9713561,1629,74389
5114280,1629,80387
11756077,1629,58651
18166375,1629,75945
9755521,1629,45318
14015415,1629,74743
7358188,1629,64704
18119873,1629,60230
2015629,1629,42801
20976513,1629,67795
8002622,1629,74029
8820582,1629,38466
19814642,1629,67679
20874473,1629,35749
11683594,1629,67516
9802295,1629,37004
4654646,1629,59858
4848043,1629,77244
13805816,1629,62192
20829308,1629,55353
8624123,1629,69332
1746802,1629,58108
19281155,1629,60145
5072470,1629,68225
7198399,1629,28289
15764786,1629,48815
14208265,1629,69149
10732986,1629,68408
22162753,1629,38414
2402114,1629,68887
18890806,1629,44148
18399951,1629,45701
21106029,1629,55969
11909782,1629,53209
6516160,1629,43682
13191802,1629,73312
9073954,1629,70730
7457829,1629,67884
16406659,1629,51312
21646530,1629,73931
7463155,1629,34324
6858959,1629,77148
6858959,1629,77581
15166818,1629,75342
21513186,1629,73674
6984730,1629,72757
11085964,1629,77107
21574649,1629,66423
15920719,1629,72844
8048820,1629,72248
14842926,1629,47982
5493959,1629,78698
18919247,1629,67114
10363378,1629,35091
10363378,1629,37731
10363378,1629,53875
6613099,1629,69814
6558483,1629,60510
5044039,1629,70889
3712884,1629,50821
8178192,1629,34451
11678512,1629,54259
13366668,1629,66025
16869440,1629,41582
9779402,1629,43594
4870626,1629,56691
19177889,1629,74006
653372,1629,75043
653372,1629,73498
13158065,1629,72260
20479124,1629,60300
13158065,1629,49722
16355825,1629,75983
21421350,1629,52065
20243249,1629,55252
21771554,1629,54048
20610401,1629,43378
18928722,1629,74814
7332666,1629,72683
7974916,1629,66191
14285561,1629,56844
13387872,1629,75336
3590796,1629,64654
19104967,1629,53352
19104967,1629,71336
16723359,1629,55393
6169152,1629,36935
22479651,1629,73403
17202533,1629,79074
13405193,1629,52608
18340115,1629,65350
15765772,1629,70060
13444073,1629,39530
7464857,1629,65083
21930675,1629,51207
19662958,1629,68554
1334543,1629,42551
20331153,1629,78901
7172880,1629,68360
13145261,1629,71037
16135933,1629,74809
8974749,1629,59079
16486763,1629,74128
6947207,1629,68463
13524782,1629,40983
19575274,1629,42030
17922423,1629,28916
2089414,1629,52882
3543186,1629,69903
8874008,1629,41827
3659484,1629,74595
22412726,1629,66806
12832344,1629,49537
8592368,1629,56629
14557278,1629,75577
10859075,1629,50454
2960370,1629,44768
6586043,1629,76311
16265127,1629,71068
11409477,1629,73888
1234461,1629,58037
589520,1629,71278
3020350,1629,74622
7800020,1629,72026
15704023,1629,75218
5916764,1629,47966
4555927,1629,70045
18365062,1629,74364
5983098,1629,37702
19772107,1629,70907
480111,1629,77550
14244811,1629,78728
15588140,1629,66735
11374641,1629,48413
13928421,1629,36411
13928421,1629,37665
12038477,1629,68706
4713926,1629,78818
13950117,1629,78178
10713804,1629,46418
20598213,1629,73900
20327118,1629,71878
2941206,1629,76462
1736885,1629,40117
10015614,1629,56071
9945234,1629,46628
3791751,1629,54561
18731535,1629,75763
6220327,1629,44878
1502167,1629,74877
13992432,1629,56929
13992432,1629,57208
13992432,1629,56837
13267271,1629,66196
22068545,1629,67525
14579835,1629,59208
20365876,1629,63322
20226947,1629,55323
11581350,1629,47126
14445127,1629,63437
4353259,1629,55777
3124421,1629,48718
14172555,1629,50036
11666042,1629,41929
11666042,1629,47434
1971672,1629,39566
12122226,1629,72206
896849,1629,36806
10654226,1629,75747
9156579,1629,65329
18440816,1629,66688
8431888,1629,65495
11238129,1629,70952
13983824,1629,54059
19874526,1629,44908
538757,1629,73347
933604,1629,73732
12508421,1629,38803
3983598,1629,44708
19927516,1629,65144
18037749,1629,35438
10968833,1629,58123
17647388,1629,47181
19382648,1629,43143
17965475,1629,40693
1540674,1629,68728
15958830,1629,53082
2635814,1629,74456
14591242,1629,45676
4473315,1629,71281
14481093,1629,69958
20180158,1629,30815
5098560,1629,76419
18888405,1629,46060
18888405,1629,69065
8320842,1629,71552
13815461,1629,59770
20961672,1629,46709
18558443,1629,61348
1361663,1629,69818
15074264,1629,60963
11876238,1629,42416
14254132,1629,49640
13680953,1629,69181
14896091,1629,64071
20829163,1629,58074
9682156,1629,53652
9682156,1629,55518
20829163,1629,60339
2784005,1629,58498
12840387,1629,64434
18876601,1629,70727
10137987,1629,77956
19650197,1629,63365
22090177,1629,38272
10157064,1629,49850
11842895,1629,59401
21229556,1629,61672
19483289,1629,73102
17617100,1629,64033
4402800,1629,57506
13008393,1629,52216
21768432,1629,72854
16885356,1629,59553
7840989,1629,49055
12079544,1629,61703
9096959,1629,67198
9895501,1629,55403
9752969,1629,66868
17287112,1629,54850
14227362,1629,56945
6336241,1629,75561
6336241,1629,72390
10743827,1629,47170
16958805,1629,79726
14205168,1629,75368
402716,1629,41062
10116327,1629,73566
8790409,1629,68553
2218512,1629,63310
14310889,1629,42540
688825,1629,68333
15952342,1629,70827
16199012,1629,78947
3297421,1629,75318
16972719,1629,63867
5209455,1629,71514
22381554,1629,61526
207712,1629,63299
3392382,1629,75835
18867306,1629,74167
21676035,1629,36362
3221967,1629,60155
10376064,1629,74556
18673821,1629,74036
19604630,1629,76443
511497,1629,38389
16849616,1629,78530
13134779,1629,43714
3531409,1629,66290
21419583,1629,51354
2660014,1629,66742
21670842,1629,62102
1435279,1629,78411
14040116,1629,40945
13430137,1629,77490
6536981,1629,74463
3496592,1629,65681
2648159,1629,48499
20464703,1629,53380
18588397,1629,74515
15839332,1629,70495
6387911,1629,66262
3156569,1629,59060
7713881,1629,51387
11636059,1629,40428
19835201,1629,37363
9170823,1629,66144
19530898,1629,68537
14016486,1629,66991
9270592,1629,62548
10938161,1629,65151
7046851,1629,78151
5004997,1629,65804
4955032,1629,64645
10605463,1629,62175
13244877,1629,70453
1788817,1629,73139
4998584,1629,66928
18991759,1629,58198
14761715,1629,59946
16356226,1629,60554
6648416,1629,63582
6255378,1629,52194
11069457,1629,64757
11981976,1629,63202
19940356,1629,65830
514829,1629,73013
432965,1629,37338
20683306,1629,45356
17907932,1629,39750
21734495,1629,62213
22534408,1629,78582
9376847,1629,63046
9631624,1629,74530
13739307,1629,57027
14348863,1629,77115
1239103,1629,52212
21609275,1629,65091
12803144,1629,69634
19928378,1629,70758
15914588,1629,72529
10397545,1629,56110
18178851,1629,59438
13193327,1629,74364
20184334,1629,52146
22377336,1629,60837
12003179,1629,48743
5885587,1629,66103
13960834,1629,57510
13960834,1629,36534
16832804,1629,70929
19427442,1629,36190
19514252,1629,62518
7650940,1629,59962
14767595,1629,75041
3757000,1629,70825
7909914,1629,48514
20879653,1629,55656
3894994,1629,31788
18635909,1629,57874
2560956,1629,55430
20789637,1629,47168
10712400,1629,47271
6947512,1629,65996
5182216,1629,56374
16070598,1629,67192
7183081,1629,49315
17642589,1629,66077
15653491,1629,48716
5155488,1629,65172
514478,1629,54464
1877445,1629,41119
16968284,1629,69712
12105150,1629,49953
8364049,1629,74148
4785211,1629,56188
15816532,1629,49115
12666184,1629,47286
12666184,1629,47591
5468322,1629,40759
12231580,1629,42636
899553,1629,73203
22061857,1629,73897
18024803,1629,49659
10052031,1629,75231
2360656,1629,45636
5512977,1629,51802
9965748,1629,73053
11195123,1629,76845
16144760,1629,74982
5539805,1629,81732
17890422,1629,58030
19815327,1629,68788
9556199,1629,67024
9556199,1629,65287
7097733,1629,76646
8371653,1629,68122
9459533,1629,74430
6963000,1629,73064
19756417,1629,50812
15347070,1629,59462
14295380,1629,71006
4480122,1629,60531
1697560,1629,78281
20141006,1629,41601
14989856,1629,60760
7133356,1629,70749
8042419,1629,75124
17199888,1629,41060
1346441,1629,72776
3027753,1629,71040
1425456,1629,76850
15178452,1629,77290
20488620,1629,67452
19080888,1629,64457
20532850,1629,72247
16515277,1629,67134
1165942,1629,38275
1220020,1629,73821
5110359,1629,50295
7455375,1629,50287
14975325,1629,52070
3549312,1629,72040
3549312,1629,75009
13023253,1629,57370
6608377,1629,63965
12197980,1629,65359
14908754,1629,68777
5013045,1629,69093
21746140,1629,54681
9444135,1629,58310
246514,1629,62466
11760049,1629,57838
22081964,1629,75787
17834549,1629,70802
13578439,1629,67429
15527021,1629,59933
386095,1629,77001
3101998,1629,63986
13169118,1629,63763
8193405,1629,64371
8002386,1629,64098
16480976,1629,70252
11069831,1629,59777
3265242,1629,62752
1243281,1629,47247
16528736,1629,65634
10521159,1629,72939
2810228,1629,41426
4259398,1629,62101
10826065,1629,69439
2037624,1629,67084
3293390,1629,78537
19019362,1629,64071
3836659,1629,52984
3836659,1629,67365
3836659,1629,32526
7312866,1629,55804
865645,1629,64292
5449065,1629,64654
15795372,1629,66077
14981412,1629,77309
17863373,1629,48438
3299536,1629,45217
6921748,1629,58103
4938709,1629,58160
14986272,1629,63785
20423146,1629,42790
4548355,1629,64730
5068906,1629,50871
4115177,1629,48974
9007874,1629,54876
2448266,1629,62327
12676980,1629,66001
21283382,1629,75112
22398066,1629,69281
18106686,1629,66078
5169358,1629,60111
2179300,1629,73301
2179300,1629,71891
2465838,1629,77306
19250046,1629,67250
18482910,1629,37245
19891888,1629,63290
3701564,1629,29875
971962,1629,64427
971962,1629,64727
971962,1629,64598
12490176,1629,35698
6766355,1629,40560
16031937,1629,67975
21816200,1629,36778
16680006,1629,77395
13422566,1629,51072
9618086,1629,50314
15192353,1629,73639
4562547,1629,76142
8764991,1629,61722
11219362,1629,69165
4937808,1629,51920
10022385,1629,63406
111558,1629,47540
21340183,1629,58094
10486381,1629,40727
13886520,1629,75784
5023912,1629,59126
17182633,1629,46334
14343745,1629,59889
16970080,1629,62600
19177653,1629,59563
21092792,1629,57921
18019411,1629,54108
16979957,1629,66801
5111870,1629,56074
4939767,1629,70100
1729021,1629,45594
1418005,1629,59474
4303475,1629,40403
9425278,1629,58133
6518694,1629,71713
8258823,1629,71982
14042919,1629,72915
6104093,1629,36691
307902,1629,46443
4524836,1629,69121
22344805,1629,56971
10127756,1629,36906
21471702,1629,32637
21388008,1629,75323
10971745,1629,66724
7743859,1629,41894
15264116,1629,74159
17897210,1629,63000
8906680,1629,48855
10028635,1629,31020
10434565,1629,60908
7676808,1629,74856
11585691,1629,70661
4788736,1629,37423
2924985,1629,76772
5793356,1629,40976
12127492,1629,30645
3861729,1629,67012
9070208,1629,65812
3319673,1629,67503
19343890,1629,75062
17702042,1629,73711
17702042,1629,68536
17702042,1629,75536
10332852,1629,56833
16236358,1629,50794
19361456,1629,74540
16169837,1629,72041
10832316,1629,36063
22130446,1629,55060
15911308,1629,54342
5235745,1629,69030
12289420,1629,51269
20644066,1629,51532
18751167,1629,78295
19734699,1629,56293
8252749,1629,36762
17311364,1629,56960
3395969,1629,55075
14657736,1629,40038
14657736,1629,37228
17602512,1629,66623
6801587,1629,53516
1480604,1629,74719
7617881,1629,39476
13524032,1629,68393
18775505,1629,49753
17434498,1629,46937
6788950,1629,61845
18945163,1629,50881
11705984,1629,70775
729268,1629,72861
21146728,1629,68495
14792908,1629,72826
19910637,1629,69034
12379621,1629,43744
10774542,1629,66646
3533562,1629,37964
17710553,1629,78444
5139376,1629,71951
12782519,1629,75722
6049426,1629,65197
12507224,1629,36489
18772442,1629,38284
487844,1629,57844
3951775,1629,63465
16968744,1629,64470
13136299,1629,43763
3371512,1629,52630
7901655,1629,57114
18836381,1629,36461
18836381,1629,61209
19879664,1629,47509
20973087,1629,76037
16194354,1629,29109
11697560,1629,33608
16827714,1629,42633
18780978,1629,61925
9516893,1629,56147
10098974,1629,72376
8792023,1629,61469
15623930,1629,71004
7805661,1629,68439
14000485,1629,60573
21085506,1629,73020
9455557,1629,68571
15322270,1629,46156
12666385,1629,70874
15799800,1629,51969
12584648,1629,60681
13882842,1629,45318
13882842,1629,43567
13967922,1629,73533
9706151,1629,62603
19764118,1629,66858
18166530,1629,73897
3037315,1629,52395
7489811,1629,42782
22323796,1629,60478
21377865,1629,76238
11708279,1629,48044
19280689,1629,57015
1886224,1629,56415
17359828,1629,77357
18206244,1629,68750
12398592,1629,47195
6258213,1629,63050
6670038,1629,76663
13809907,1629,59798
22425726,1629,58833
13785503,1629,65681
13785503,1629,71632
14105852,1629,72263
19686077,1629,51889
3158286,1629,60920
8608510,1629,61881
1837609,1629,71210
20101740,1629,45796
9522593,1629,57847
15022246,1629,43284
16523255,1629,41285
15568105,1629,75241
15223578,1629,55973
8938858,1629,71443
2816440,1629,60093
2018864,1629,52321
17426558,1629,60721
14262614,1629,50587
1255033,1629,72232
5065370,1629,38916
20956236,1629,65433
15151832,1629,68653
7846160,1629,57267
22321446,1629,71709
7463080,1629,65154
15620561,1629,67503
17083375,1629,51793
17083375,1629,50600
11410032,1629,59874
18140135,1629,69983
653795,1629,73815
14812900,1629,70766
8925999,1629,75098
17855050,1629,44160
15058367,1629,62808
15527918,1629,57455
12553870,1629,36054
88827,1629,73390
13981401,1629,49018
13981401,1629,49800
1488067,1629,69902
1978959,1629,63680
8823280,1629,74996
20211486,1629,41669
21056870,1629,55406
20022711,1629,37111
17387521,1629,45804
13510913,1629,74741
22145020,1629,73696
8510669,1629,51512
18478460,1629,40627
21225710,1629,53211
4754901,1629,75010
22507862,1629,39481
9705155,1629,65367
21100480,1629,75875
4660030,1629,67280
21939090,1629,74286
11730386,1629,70257
19109043,1629,58061
12918194,1629,37726
18416715,1629,72135
8833856,1629,72642
12282797,1629,46887
1974787,1629,71298
2138313,1629,38681
1051021,1629,60982
17626840,1629,66478
19706433,1629,54673
11458055,1629,69917
17444823,1629,73091
665306,1629,65669
20498965,1629,67601
20081579,1629,47459
4488491,1629,68213
22182479,1629,73511
7240870,1629,63713
5818542,1629,55294
16529788,1629,41749
15782386,1629,68371
435395,1629,67119
1028579,1629,58169
13004143,1629,41050
7555267,1629,69235
8835565,1629,38829
10297533,1629,78525
3750715,1629,71784
19095250,1629,54016
14300025,1629,64045
22291080,1629,71359
22291080,1629,67722
11771539,1629,78400
5427558,1629,55968
18254451,1629,79041
20777798,1629,48264
8733532,1629,48753
15982443,1629,43425
21476130,1629,61462
10162522,1629,56336
10934153,1629,54954
5552392,1629,36202
20741865,1629,57387
851828,1629,57701
22153812,1629,74122
8521329,1629,63507
12840786,1629,56309
22034382,1629,51741
20476627,1629,58965
16901706,1629,56501
11689311,1629,64672
18136563,1629,76341
3612743,1629,56837
9049529,1629,69418
5363651,1629,73790
5120756,1629,56799
22325795,1629,50847
5107112,1629,71640
7674953,1629,74931
7523365,1629,73075
7517765,1629,60717
2034215,1629,32927
21380157,1629,66557
17392119,1629,74027
12397052,1629,73597
7691481,1629,73891
18537924,1629,52930
15042353,1629,48799
22610276,1629,60458
1640647,1629,76576
10298081,1629,43373
689042,1629,36195
8049477,1629,70224
21665954,1629,79101
13435423,1629,34313
13435423,1629,35924
13435423,1629,35483
12203659,1629,76225
7988434,1629,48767
7988434,1629,44491
10732904,1629,47177
21670088,1629,40640
6913564,1629,31072
8316742,1629,63887
6000285,1629,59844
15804433,1629,48714
6164532,1629,58017
19962226,1629,52096
20009562,1629,35607
10902533,1629,40331
10848460,1629,68195
4394495,1629,75491
17770936,1629,45839
10154514,1629,55981
8600215,1629,60130
4820910,1629,55693
14812039,1629,48586
13119786,1629,67284
15884536,1629,64349
1062414,1629,56720
17698325,1629,72512
13629343,1629,65943
20872655,1629,67600
20206015,1629,76067
13010524,1629,63999
6122318,1629,59453
10849757,1629,42784
7192260,1629,78076
22054389,1629,49510
16647575,1629,70924
11635088,1629,61145
1340092,1629,76092
9512174,1629,53924
7116167,1629,78198
13443599,1629,59019
13080399,1629,63655
5997787,1629,53617
17963843,1629,74709
7725421,1629,63594
7725421,1629,63763
70481,1629,34834
14798468,1629,72007
1628572,1629,50546
20510597,1629,63660
3606849,1629,70560
14223061,1629,52168
13881756,1629,77778
8550534,1629,45405
13418268,1629,76444
8822829,1629,53191
18797706,1629,64940
614907,1629,63652
4007789,1629,71319
20888843,1629,50270
16140364,1629,71377
1089394,1629,72737
20570390,1629,73367
11559244,1629,67524
17942378,1629,62679
12660420,1629,71726
19848341,1629,64344
17308534,1629,69316
13468400,1629,75559
1204707,1629,40329
19201246,1629,78301
18317454,1629,60125
4437653,1629,73671
20204099,1629,53666
15090684,1629,72415
16339936,1629,73645
16339936,1629,74235
9405287,1629,52649
8381566,1629,63162
1179179,1629,61824
4362142,1629,73996
3897450,1629,67824
14544045,1629,79096
4032529,1629,72321
21457264,1629,35651
20616042,1629,60460
20031623,1629,49026
11426921,1629,58893
19455338,1629,68116
8687979,1629,40994
11112514,1629,77082
11574004,1629,63305
11574004,1629,70182
15428288,1629,63924
1531643,1629,58997
20647675,1629,71655
19345444,1629,76224
14447281,1629,56871
7914023,1629,68603
8434749,1629,71613
11316423,1629,78115
8527389,1629,37829
2794904,1629,52366
54129,1629,77910
11340539,1629,69352
21888140,1629,44988
1242721,1629,56936
22074970,1629,65800
16331290,1629,30176
1135983,1629,60117
8916652,1629,70077
20662227,1629,73256
14608944,1629,76198
17542252,1629,59866
17542252,1629,60733
8608222,1629,57319
19658207,1629,44177
21108315,1629,42938
4481993,1629,65992
19762263,1629,46062
6520910,1629,52383
7336257,1629,55581
7336257,1629,56435
1893210,1629,78319
4987737,1629,74786
14521125,1629,51117
11984917,1629,49864
9918665,1629,76878
9918665,1629,78855
4422904,1629,74330
14004419,1629,46628
5762246,1629,61042
16482643,1629,70566
22591134,1629,57967
13010528,1629,52127
368544,1629,53839
16794399,1629,49864
22433357,1629,62348
14012335,1629,51166
19731553,1629,55916
5196420,1629,59026
13765909,1629,52284
2126804,1629,77076
20043386,1629,64218
18630991,1629,46281
2269714,1629,47549
15447216,1629,75932
14537018,1629,65385
12287745,1629,58823
21388178,1629,48908
6518929,1629,68098
368048,1629,58940
19895558,1629,74227
7439473,1629,41434
14841746,1629,73044
717440,1629,60567
17528614,1629,48128
5890787,1629,74525
6696365,1629,69965
6682899,1629,64667
13447904,1629,39605
15807023,1629,42590
17232110,1629,77347
5232377,1629,65479
13961829,1629,54265
5536748,1629,47476
5536748,1629,48572
6452911,1629,56238
16229479,1629,66411
16229479,1629,67981
422207,1629,37461
422207,1629,62672
9337659,1629,54186
14792290,1629,54071
19383178,1629,75244
19383178,1629,74987
17300617,1629,56966
11777459,1629,65880
12903935,1629,63374
13071952,1629,50392
18036721,1629,65554
12773580,1629,57454
12126463,1629,49701
11554698,1629,50831
12979833,1629,60595
272130,1629,75435
16297725,1629,40588
12022004,1629,78193
16297725,1629,44739
13960754,1629,70087
6503063,1629,72253
2413470,1629,59717
15762835,1629,76030
17287423,1629,63058
13527598,1629,64123
14868288,1629,77521
12928086,1629,75552
11541464,1629,72424
5008199,1629,73302
20084525,1629,50024
19498327,1629,78659
4273612,1629,71796
14316358,1629,46151
7551465,1629,72420
14708693,1629,46445
10582902,1629,50169
2043930,1629,59898
17047734,1629,75158
18871549,1629,38195
8537140,1629,49516
586288,1629,55901
9422519,1629,55856
12096689,1629,71778
2424590,1629,56847
14241373,1629,59406
4495054,1629,49836
21806913,1629,63302
214335,1629,73449
214335,1629,72496
214335,1629,75006
14763284,1629,54698
12018137,1629,74959
10128201,1629,29846
9361295,1629,54620
19050883,1629,71516
2548874,1629,64610
18506138,1629,27252
19965585,1629,73026
5342721,1629,54215
3255093,1629,52749
17481408,1629,56121
8985220,1629,37861
15344786,1629,75853
18380962,1629,51357
12354131,1629,63746
13967806,1629,42074
12326265,1629,74267
2089694,1629,57719
5164840,1629,47348
3218300,1629,65873
2355430,1629,66286
4698690,1629,73342
8252169,1629,62334
9840688,1629,78134
6502653,1629,69791
16563286,1629,48658
12328227,1629,73287
2339209,1629,67805
17611296,1629,63786
2746687,1629,74805
2902338,1629,47576
2902338,1629,52443
5493246,1629,56996
15557525,1629,45380
5929016,1629,78396
10021893,1629,60470
10644055,1629,36818
18744909,1629,53164
13565421,1629,71498
7833080,1629,76625
15280791,1629,47098
11608926,1629,71428
7266398,1629,76182
22347706,1629,73461
12273432,1629,71952
20349930,1629,59585
14510535,1629,71757
11714296,1629,65031
19213487,1629,74355
15973561,1629,66864
14440719,1629,57116
19563673,1629,71822
9152620,1629,66850
20419131,1629,68944
8106789,1629,52858
4092976,1629,72264
231365,1629,58420
1650200,1629,68323
19617426,1629,31499
1398763,1629,46808
5326421,1629,65278
1382478,1629,74381
80263,1629,73945
19422632,1629,78753
17891495,1629,54291
11927835,1629,52504
11172406,1629,50826
2476847,1629,72424
20083793,1629,70473
7831690,1629,55599
6003404,1629,60837
17937626,1629,77532
21095981,1629,64707
16972507,1629,40533
11282878,1629,74085
17566351,1629,73533
18201018,1629,41535
11464451,1629,34443
11464451,1629,35333
18168409,1629,41522
14585448,1629,50500
13726006,1629,74557
19383214,1629,61456
16094417,1629,34334
13070117,1629,76117
21153628,1629,73603
21153628,1629,77676
8540222,1629,69949
12153443,1629,72362
1323844,1629,55330
16121766,1629,41445
20463765,1629,49198
16589365,1629,67586
4255275,1629,69298
7535100,1629,59597
7368810,1629,73816
15556435,1629,57005
7633110,1629,53387
18195136,1629,71381
3122051,1629,76757
6480216,1629,52380
21013580,1629,62262
20981359,1629,70016
12767720,1629,70667
15173740,1629,77810
16328628,1629,39051
21749336,1629,70415
20832089,1629,72512
22375124,1629,64635
7983717,1629,75500
8929222,1629,43314
3590030,1629,66202
12080790,1629,69248
11384305,1629,60510
15188888,1629,70876
6549782,1629,64296
2774908,1629,74203
5243658,1629,58798
20468686,1629,40340
20468686,1629,40993
13891384,1629,48624
9935354,1629,54531
18216843,1629,52059
15452931,1629,71846
5642697,1629,69485
12196439,1629,56335
21090067,1629,49991
21090067,1629,45647
21090067,1629,47488
11585869,1629,59029
15162397,1629,67046
22465614,1629,68644
14005470,1629,63898
6489849,1629,69291
21488155,1629,55444
19335460,1629,77519
19335460,1629,77779
10121325,1629,54986
8995451,1629,45149
11570240,1629,37217
7418633,1629,74463
602605,1629,70569
13773292,1629,54504
2420532,1629,68797
21187315,1629,68167
14811489,1629,41206
19167970,1629,56909
12756084,1629,65463
8928232,1629,49964
19638922,1629,69474
8898167,1629,71797
12477312,1629,74818
9864160,1629,40473
6036727,1629,67003
10007723,1629,80009
13838077,1629,54803
9933018,1629,67385
8357566,1629,46589
14810841,1629,66287
7627777,1629,71299
8665129,1629,67994
9447382,1629,78935
6043574,1629,35691
17744336,1629,64840
14920905,1629,73026
10283668,1629,78002
659336,1629,58192
12843614,1629,45361
17153111,1629,79664
16666505,1629,61037
7967006,1629,63929
1243971,1629,48768
8428115,1629,70446
6557989,1629,76731
14885512,1629,45361
7577622,1629,56573
2546112,1629,45446
18549339,1629,39386
18938718,1629,52083
14389222,1629,54419
10040095,1629,70757
6559826,1629,75170
19287128,1629,73055
10814965,1629,46634
18727756,1629,77143
9396000,1629,46346
4498599,1629,45445
20537293,1629,60674
20537293,1629,55828
1605100,1629,71220
19031491,1629,40919
20852053,1629,49766
7230246,1629,60887
22287630,1629,61592
8880122,1629,74568
16495098,1629,55519
10116109,1629,63901
13011042,1629,76502
16727664,1629,52280
7966755,1629,74193
5962647,1629,35312
17177592,1629,62868
20540858,1629,48085
5694091,1629,74292
3056311,1629,53138
10515091,1629,70443
3120306,1629,50179
15426147,1629,32646
1544600,1629,57640
15416249,1629,78909
10427508,1629,36246
5273976,1629,61275
4669962,1629,62609
2282532,1629,55754
4147787,1629,59631
10400107,1629,49091
11316582,1629,59791
20207577,1629,60799
22597199,1629,57382
13802108,1629,39779
12126108,1629,52889
16431899,1629,76864
19893640,1629,64225
14949202,1629,66209
2166635,1629,47647
1737539,1629,78340
9821259,1629,75611
11997498,1629,74632
174330,1629,58286
12377260,1629,56406
2398531,1629,47960
11002834,1629,45341
11665569,1629,74781
16016009,1629,78214
15727481,1629,60877
15727481,1629,59134
12504440,1629,38298
8298974,1629,69186
10881284,1629,37871
19482816,1629,55465
11470291,1629,47968
15369459,1629,35262
11071173,1629,50551
1593272,1629,50097
21846173,1629,55025
22504086,1629,63538
4053357,1629,74352
7211808,1629,33381
3168364,1629,64165
16370288,1629,69578
17128197,1629,64476
5017641,1629,70311
10146088,1629,64809
11833809,1629,72023
13326118,1629,56665
13326118,1629,74895
20529773,1629,42090
5629970,1629,55054
15016157,1629,73121
8902467,1629,75524
8774386,1629,64361
6715133,1629,71238
15676593,1629,45885
16896400,1629,69801
16124903,1629,60772
19487228,1629,42854
5677773,1629,61675
16303474,1629,53667
5786506,1629,49490
17795410,1629,65086
1896402,1629,72992
11018662,1629,74152
20741153,1629,56864
5328675,1629,78524
19740968,1629,53030
11032472,1629,71946
14433720,1629,74378
18533871,1629,37285
15046091,1629,47875
13812736,1629,50239
16190583,1629,61080
15734022,1629,71680
12267347,1629,45104
5114157,1629,68064
13749516,1629,48553
18917087,1629,45749
4669874,1629,73475
5015073,1629,62478
346470,1629,54196
21054559,1629,62515
17061633,1629,71249
16906206,1629,54197
2702964,1629,63267
11951962,1629,55654
11951962,1629,54716
18363927,1629,65947
22331570,1629,66732
95733,1629,57729
17569368,1629,56550
8844778,1629,72895
17152380,1629,40957
17152380,1629,42294
17131816,1629,74013
19519793,1629,41897
1805067,1629,39431
18187031,1629,34437
12271415,1629,61283
9323377,1629,73445
20304510,1629,79175
6761205,1629,62694
20394904,1629,65543
3712271,1629,38210
15107194,1629,66571
9628921,1629,61283
9895236,1629,48198
2581821,1629,75257
11866019,1629,54381
5920373,1629,72566
15609953,1629,64576
15981770,1629,60388
21166085,1629,74684
14594729,1629,65881
17539452,1629,53549
7017516,1629,68811
3222669,1629,68984
2138293,1629,60012
2138293,1629,60401
18469417,1629,73950
337897,1629,62623
539831,1629,75417
8849739,1629,74307
7943564,1629,57172
931328,1629,41795
1709955,1629,73646
5989684,1629,65738
19685876,1629,68259
5989684,1629,67788
9548223,1629,45427
13291228,1629,74033
12981257,1629,69412
7200060,1629,69423
5937296,1629,47390
4986074,1629,77608
5452505,1629,63192
9896421,1629,60644
15859229,1629,47525
16739420,1629,71932
21242275,1629,65353
13266937,1629,70408
16228421,1629,68535
15478063,1629,56148
13351213,1629,66999
9963322,1629,41294
4818454,1629,38877
11210354,1629,81389
14652902,1629,75424
5980077,1629,62905
10006872,1629,40591
4105311,1629,50363
16183398,1629,52397
1178342,1629,40583
14704153,1629,49688
255411,1629,37409
255411,1629,60499
10407219,1629,67223
8372578,1629,50754
20033824,1629,75753
20560598,1629,78560
9785392,1629,55108
18430870,1629,50713
15462780,1629,76708
11152369,1629,72899
18768435,1629,46196
21436331,1629,46448
9237687,1629,63713
3728028,1629,65601
15057451,1629,41585
12184286,1629,77097
20360811,1629,42248
4847481,1629,75890
12071445,1629,56932
16905093,1629,66050
21875722,1629,50459
15917783,1629,72613
7846405,1629,44408
22181244,1629,50737
18105720,1629,60172
21399859,1629,59430
21399859,1629,60463
14179647,1629,48622
799811,1629,37123
10983309,1629,63034
14231634,1629,75744
11753024,1629,64936
12955166,1629,49223
4307847,1629,58542
20317342,1629,69661
8273238,1629,65631
6275594,1629,66584
16669200,1629,75624
21884484,1629,36961
3881925,1629,71639
15410966,1629,52425
22173413,1629,58456
6534172,1629,57204
9729139,1629,38134
1483201,1629,73446
21674679,1629,25516
12876608,1629,31036
9091211,1629,60871
10877194,1629,57852
20119491,1629,47457
19988153,1629,34437
4116562,1629,68916
1306005,1629,59618
15202810,1629,56865
20039271,1629,51235
17673668,1629,75380
7280042,1629,64527
15734456,1629,71208
8505803,1629,37614
20353953,1629,52445
20353953,1629,36596
12272541,1629,75033
17805930,1629,46963
17805930,1629,46948
20436738,1629,40814
5432674,1629,48490
8929972,1629,74054
21325863,1629,65627
17274265,1629,47637
9990456,1629,76726
9990456,1629,77133
8362126,1629,51911
14549697,1629,74661
16989413,1629,54418
18192130,1629,79020
4228274,1629,64176
8460637,1629,60679
314111,1629,44742
15581621,1629,77564
16702916,1629,70093
17331040,1629,49468
833273,1629,58532
11965177,1629,72499
11965177,1629,74681
3983048,1629,70922
6653157,1629,69740
10637998,1629,32887
22141051,1629,64738
193501,1629,69711
592306,1629,76986
2750812,1629,73402
10890933,1629,53893
22303429,1629,70796
17241921,1629,75360
7010165,1629,56772
306180,1629,45076
15111878,1629,52849
3531703,1629,70682
21973146,1629,69984
7724465,1629,67917
9180637,1629,74402
19510618,1629,57916
3962474,1629,67820
19960673,1629,40917
10245166,1629,55617
9502338,1629,65417
776926,1629,69762
17664017,1629,49325
2638856,1629,66362
13473536,1629,37043
7446449,1629,32548
17873006,1629,67144
4839851,1629,48613
21968588,1629,71009
10623157,1629,42402
11172099,1629,78526
17769772,1629,62286
21748642,1629,74232
8535037,1629,64941
14833978,1629,73523
18419544,1629,55386
14029035,1629,65320
647243,1629,41322
17032033,1629,58864
5607430,1629,62608
12954242,1629,66686
4969552,1629,49669
7560873,1629,75457
21045186,1629,31582
16123865,1629,50169
9351962,1629,44758
17069055,1629,66735
4725333,1629,66257
15421074,1629,51417
7329336,1629,39316
3402382,1629,39035
6669818,1629,77768
3827188,1629,50992
3260457,1629,43166
15602656,1629,52585
21799369,1629,69397
13588533,1629,66267
10055439,1629,78314
17705007,1629,41250
3334562,1629,57120
10932627,1629,50363
7662273,1629,56939
7713390,1629,64590
11895704,1629,73220
19143314,1629,74833
21995215,1629,71588
7548194,1629,49198
7684007,1629,43253
14940535,1629,69806
12337073,1629,71851
3468268,1629,64369
4071299,1629,36675
4449563,1629,78274
354092,1629,43058
16494196,1629,75839
1387654,1629,71595
21719352,1629,57602
20745864,1629,68810
2261436,1629,73426
2249755,1629,74626
13378174,1629,34411
10582037,1629,77984
8519281,1629,63817
19839331,1629,71482
883732,1629,75328
13523221,1629,33397
8583088,1629,61358
375867,1629,52398
21276039,1629,73626
13440168,1629,50275
3595299,1629,72344
10549207,1629,48277
3584302,1629,60495
3180351,1629,32434
17038564,1629,56118
13065733,1629,40016
20888350,1629,54093
17680040,1629,62506
3106977,1629,76109
8396675,1629,30125
22198529,1629,67574
7000589,1629,77545
7906769,1629,54268
15203059,1629,57957
9351628,1629,71774
1071235,1629,66397
9071639,1629,48416
17613412,1629,34042
6182156,1629,32318
17654127,1629,73246
9255074,1629,39195
14297464,1629,55505
11065140,1629,34645
3971540,1629,45582
15892754,1629,74624
289060,1629,58705
22379636,1629,75551
20816326,1629,45993
15965727,1629,65683
10312606,1629,48523
2549064,1629,51746
14829387,1629,70991
8202029,1629,61698
22579790,1629,59166
11970019,1629,69551
12354490,1629,76092
21882514,1629,43222
10833669,1629,67800
21067787,1629,50331
11310896,1629,77887
10073109,1629,60980
11193877,1629,78522
10338431,1629,78230
19553599,1629,50041
6058438,1629,44899
5996269,1629,54569
7504274,1629,58209
10598790,1629,45824
7248537,1629,70006
10455974,1629,48502
16803013,1629,55838
15559804,1629,57031
18040919,1629,65050
2420762,1629,46265
14368573,1629,60911
16188267,1629,60933
13299556,1629,48955
1593254,1629,51107
21159318,1629,70508
14762815,1629,56775
20287614,1629,63244
12602236,1629,75243
12704254,1629,38940
15077414,1629,45801
3450044,1629,73424
216321,1629,64657
16562332,1629,57879
22528756,1629,52855
6858013,1629,57098
14843266,1629,69842
18719147,1629,69526
11390318,1629,78039
123172,1629,68611
7710892,1629,45193
1892475,1629,58808
1052477,1629,48403
16335588,1629,78457
20731040,1629,53788
10928580,1629,77066
22463513,1629,67605
9437102,1629,68827
2928646,1629,55158
5960551,1629,61200
20438477,1629,69778
11283488,1629,57276
6854298,1629,43552
5787142,1629,44868
18557774,1629,39421
21953136,1629,44488
13476761,1629,34088
22538565,1629,50862
7170185,1629,58872
849930,1629,72665
2675154,1629,67708
8324010,1629,74742
8324010,1629,73877
2047846,1629,60232
16594413,1629,47656
9325123,1629,47838
11375636,1629,72294
8895829,1629,67712
7624424,1629,64176
22279512,1629,75506
16383805,1629,59892
11305736,1629,58287
3283119,1629,61060
19305960,1629,77729
4187668,1629,51589
6376472,1629,68044
21852740,1629,74342
14040363,1629,49282
18532347,1629,73715
16817524,1629,42587
16281338,1629,38353
4427413,1629,77409
4427413,1629,77410
22312925,1629,69902
12048275,1629,65102
6599957,1629,77899
21681197,1629,68898
12089216,1629,65966
13063848,1629,75595
12918393,1629,60002
1804283,1629,54550
9687742,1629,56553
10761168,1629,48611
14115295,1629,63572
7097594,1629,49153
6172317,1629,73947
8527868,1629,71719
9174841,1629,65313
17095456,1629,38136
3649802,1629,66950
19766126,1629,71690
19766126,1629,55513
2139734,1629,54859
867966,1629,75229
4505436,1629,63072
11659224,1629,40358
21213272,1629,59324
903918,1629,60394
22522159,1629,75286
18735256,1629,45604
3972987,1629,68470
1033215,1629,65043
1033215,1629,67009
21044775,1629,33989
19059124,1629,74134
5313020,1629,48783
11371266,1629,46835
17205010,1629,42588
17205010,1629,40375
7621260,1629,74399
52124,1629,61709
13666743,1629,77038
11857240,1629,68129
4756473,1629,67201
14383133,1629,67584
6253308,1629,43313
11514680,1629,43982
3337675,1629,40667
20887153,1629,65893
616859,1629,61670
2680068,1629,57328
18061386,1629,75143
18588459,1629,47829
8670464,1629,53927
17679168,1629,43484
7842882,1629,63946
6207451,1629,57603
6207451,1629,55831
14123400,1629,53525
19932389,1629,77160
14301878,1629,36022
14236859,1629,38182
1268969,1629,72936
20163843,1629,57882
399521,1629,45674
1601519,1629,61731
13833502,1629,66202
9019173,1629,68951
21843923,1629,73659
21843923,1629,73449
2590429,1629,62342
20785191,1629,64935
7959349,1629,60619
20207309,1629,58580
20207309,1629,64977
2896153,1629,65995
14229508,1629,69062
2262134,1629,44580
13514734,1629,70346
20977687,1629,73720
5831300,1629,57250
20082559,1629,73327
14981243,1629,73695
22123674,1629,41315
10773736,1629,61606
10915564,1629,73490
15907832,1629,75088
16039302,1629,54720
10394918,1629,72686
17600353,1629,67592
3332147,1629,69399
18331960,1629,63636
13047353,1629,63031
7373976,1629,64165
22199346,1629,33722
22000969,1629,60585
12567882,1629,71719
20145703,1629,74649
3457034,1629,51002
16460402,1629,51154
4781705,1629,69490
13798299,1629,70525
13195820,1629,59131
3045358,1629,77504
4160380,1629,57876
292547,1629,74464
13936167,1629,78320
13936167,1629,74437
16324026,1629,73139
9159397,1629,75001
8692448,1629,64620
12445793,1629,76737
11463664,1629,41547
3644252,1629,69975
4512008,1629,75545
11906600,1629,62782
11906600,1629,64576
18025420,1629,62783
20473492,1629,68644
16807150,1629,60490
15841006,1629,58582
9927552,1629,73154
17016590,1629,74602
10957081,1629,49345
19416912,1629,69284
4444454,1629,72126
21570860,1629,46938
1924242,1629,50301
4755204,1629,65915
10887979,1629,54231
22279612,1629,61837
18738393,1629,67690
18738393,1629,67983
14218755,1629,55715
1725052,1629,59977
907661,1629,69532
13810322,1629,63215
2245847,1629,56348
21968161,1629,49769
9888719,1629,69570
8615097,1629,59788
16622433,1629,69391
2764914,1629,77479
6456158,1629,70026
7668097,1629,68512
17888633,1629,55818
18610634,1629,62022
19949792,1629,70813
14870915,1629,63316
15385010,1629,66117
12891050,1629,59157
15769258,1629,60146
15769258,1629,47015
15769258,1629,57152
15280400,1629,52015
18637718,1629,65045
7172856,1629,69480
12772996,1629,41686
4803138,1629,79405
12330846,1629,59884
707824,1629,63375
2069657,1629,73239
17663248,1629,49076
20337512,1629,81527
13070953,1629,50412
16479971,1629,72140
19823931,1629,70453
14754845,1629,54249
16423573,1629,63671
8974247,1629,49698
11220549,1629,64175
19999411,1629,75134
4655066,1629,67323
19968013,1629,66308
5067420,1629,50773
2539177,1629,75332
13101691,1629,71599
22191843,1629,78753
9865033,1629,75438
19435718,1629,43315
19435718,1629,45475
20789896,1629,50290
21803129,1629,70782
13315523,1629,44044
18926165,1629,61678
12996023,1629,68644
10611000,1629,73200
5180519,1629,42285
18365874,1629,73364
16346437,1629,74442
8316526,1629,59912
20936659,1629,62862
19030246,1629,67109
12383917,1629,75246
12645487,1629,61008
3270837,1629,64535
20424700,1629,73167
15766711,1629,39757
6695608,1629,72417
6358079,1629,52750
6672962,1629,51029
7478777,1629,47330
7064062,1629,68084
5326775,1629,42987
1053290,1629,70933
2168592,1629,70242
2168592,1629,69382
7320995,1629,30914
19441673,1629,33419
22209870,1629,61857
6570783,1629,74394
14510921,1629,55158
14510921,1629,42782
15472013,1629,70078
593662,1629,36734
17621103,1629,73863
20719844,1629,58612
2913362,1629,50207
14149096,1629,54836
8664323,1629,47701
2746427,1629,53300
1036800,1629,56647
6583213,1629,41656
5791266,1629,58778
10963814,1629,74621
11478296,1629,37601
8983569,1629,61518
4279801,1629,65068
19927638,1629,53131
7768020,1629,71615
16074241,1629,59862
6370006,1629,70320
16937930,1629,31331
19029402,1629,57179
9713069,1629,76389
16544904,1629,47219
9487155,1629,60813
19995451,1629,35808
22004126,1629,52777
15161781,1629,74692
8659213,1629,55364
12520508,1629,54670
8606142,1629,73414
11374097,1629,48456
1383405,1629,73562
2435487,1629,33535
7396774,1629,41972
1691716,1629,74772
13388776,1629,56731
12825859,1629,68410
16025847,1629,69640
16798427,1629,71669
16798427,1629,53066
14675711,1629,50281
5706382,1629,54742
8507,1629,71017
3864621,1629,48093
1384869,1629,78108
6530145,1629,67004
6530145,1629,63358
6530145,1629,66178
6851147,1629,75491
11391640,1629,67329
14052872,1629,49432
5700563,1629,47797
4400045,1629,70751
13308343,1629,66890
13308343,1629,61663
1597631,1629,59211
10173369,1629,59849
1172626,1629,57147
16575211,1629,44716
16119423,1629,47221
19007873,1629,58207
6597892,1629,36697
6597892,1629,42026
1282579,1629,70320
16831773,1629,78830
16831773,1629,52228
9671333,1629,78602
19273700,1629,58284
12875807,1629,57078
21558006,1629,65706
7122685,1629,58892
9233969,1629,68407
17490377,1629,56112
4731121,1629,61442
14546553,1629,63930
11436045,1629,77788
1274701,1629,74647
17715894,1629,55103
14533396,1629,29707
8431893,1629,40351
13224626,1629,38292
18455916,1629,76263
13718046,1629,43779
21167731,1629,65698
7238842,1629,56147
6104775,1629,60656
6104775,1629,63059
6986004,1629,57626
14465641,1629,61224
20012426,1629,65543
15072895,1629,67400
22242418,1629,69790
1737903,1629,61943
5677759,1629,62132
3004343,1629,40781
2030188,1629,50997
14792520,1629,65770
5194761,1629,73689
281521,1629,42488
3565381,1629,75650
2641882,1629,42974
3570510,1629,67715
8850243,1629,73182
14977046,1629,47716
4480165,1629,79115
8297294,1629,70210
15884707,1629,72112
22617955,1629,49114
8487040,1629,67257
5336199,1629,49483
8006680,1629,73402
3517998,1629,72964
16945584,1629,44926
18095229,1629,59396
17808012,1629,53352
17808012,1629,76623
19019895,1629,78773
16978566,1629,65472
393991,1629,70216
21534894,1629,50907
22167071,1629,73863
10905544,1629,31130
14979834,1629,45049
19506266,1629,71353
4203737,1629,33892
15985223,1629,74406
8588894,1629,71194
21901843,1629,77127
15937005,1629,58703
1209731,1629,59218
5658218,1629,68051
16902323,1629,62289
17424392,1629,43906
21465837,1629,65018
16081535,1629,74284
14826347,1629,58677
5232147,1629,69657
4094794,1629,63672
5037653,1629,74502
4611389,1629,72380
21337714,1629,74545
8896600,1629,42188
22254183,1629,66066
17473616,1629,58692
20283933,1629,48457
8745173,1629,71839
14097054,1629,70004
15396580,1629,68379
7089921,1629,53793
17283412,1629,30513
17283412,1629,32094
4818481,1629,56251
9493714,1629,52970
9493714,1629,53384
7397071,1629,66431
5950663,1629,49224
6762669,1629,42786
14394921,1629,60697
954327,1629,54148
11887732,1629,53428
9351638,1629,60035
19314869,1629,65240
6693552,1629,65627
15581663,1629,73407
19129077,1629,41398
19129077,1629,41715
15748045,1629,38142
2266055,1629,56670
3823215,1629,61187
12424427,1629,32863
18005433,1629,75230
804207,1629,36682
4497109,1629,42402
19840798,1629,63966
8420285,1629,54490
12473016,1629,65497
3761836,1629,66907
8633380,1629,59715
1870636,1629,75307
11032859,1629,76161
2135462,1629,39679
19390663,1629,37994
4283944,1629,47484
9928915,1629,59494
10538634,1629,64789
11086228,1629,63653
20098024,1629,54320
22308836,1629,51763
22308836,1629,69037
18798766,1629,72956
18798766,1629,69238
3443543,1629,72299
18923591,1629,55207
20410900,1629,60314
18585327,1629,42292
12801405,1629,50690
16760046,1629,51963
18618422,1629,55555
15688261,1629,70425
4773088,1629,40758
3265582,1629,73043
4580695,1629,48682
19015759,1629,50722
15087182,1629,45041
8305055,1629,63517
3743571,1629,77771
21370276,1629,65632
9728228,1629,52795
22331938,1629,28993
5635653,1629,66445
12149450,1629,73564
2778256,1629,54628
24199,1629,66030
1136489,1629,78245
1136489,1629,75872
13963097,1629,47857
17320670,1629,34330
13589543,1629,68681
12223980,1629,70853
19680556,1629,61171
13780489,1629,72092
20027501,1629,72794
20027501,1629,72412
4891639,1629,57926
361677,1629,68750
18826391,1629,54277
9345800,1629,43229
9345800,1629,46400
11570876,1629,53184
4915394,1629,53441
10016987,1629,49389
10016987,1629,52320
19618209,1629,76687
13680379,1629,63297
1923294,1629,63985
756751,1629,40875
3874926,1629,59797
7662313,1629,49509
6548462,1629,71375
7662313,1629,76161
16064080,1629,50747
15289644,1629,73626
17201541,1629,37691
4397756,1629,56327
1041309,1629,66964
1654592,1629,61352
3144688,1629,34027
1524340,1629,68639
16735141,1629,46499
16735141,1629,43362
19009318,1629,69070
16113191,1629,61906
4432046,1629,72688
4452100,1629,76358
22372123,1629,57750
14452017,1629,51819
19203186,1629,67741
14694205,1629,36812
14480768,1629,56906
3101383,1629,76044
8723027,1629,47284
7811330,1629,61967
20959213,1629,64922
6270495,1629,69582
11136449,1629,62998
14841421,1629,72514
19294783,1629,35540
12561553,1629,75327
22395014,1629,74085
4073647,1629,51378
15061043,1629,59197
13007995,1629,56189
13007995,1629,49661
16984455,1629,57663
14811135,1629,51357
8317232,1629,46168
14555186,1629,44076
13345424,1629,55640
17254328,1629,72562
19857924,1629,59422
10890930,1629,59568
19895610,1629,61095
12908831,1629,51680
16957692,1629,58100
16853197,1629,45338
6637103,1629,55164
20643985,1629,61211
14972863,1629,50292
12907338,1629,63406
22315270,1629,78943
16705094,1629,59427
5724070,1629,67310
3394136,1629,68895
3394136,1629,69496
20431801,1629,75031
21396105,1629,52941
6266873,1629,69446
10254509,1629,48811
2131825,1629,65996
16150701,1629,65128
1696656,1629,47810
21848977,1629,61788
18113078,1629,63623
10421349,1629,46887
19438003,1629,68022
9225059,1629,62841
12423420,1629,76343
3496232,1629,57533
2072673,1629,52106
19575915,1629,71540
3899791,1629,73040
242804,1629,55768
921013,1629,52807
921013,1629,55439
921013,1629,42481
921013,1629,43274
921013,1629,45292
921013,1629,63132
921013,1629,48291
921013,1629,52613
921013,1629,49019
921013,1629,41480
921013,1629,48320
921013,1629,60645
921013,1629,54489
921013,1629,57206
921013,1629,59559
921013,1629,55009
921013,1629,43727
921013,1629,58247
921013,1629,52288
921013,1629,50798
921013,1629,52862
921013,1629,50110
921013,1629,57245
921013,1629,51225
921013,1629,59567
921013,1629,59905
921013,1629,54627
921013,1629,54864
921013,1629,53700
921013,1629,54561
921013,1629,49802
921013,1629,54976
921013,1629,50081
921013,1629,44780
921013,1629,50971
921013,1629,53795
921013,1629,56365
921013,1629,47407
921013,1629,53294
921013,1629,56856
921013,1629,48320
921013,1629,54245
921013,1629,52121
921013,1629,57324
921013,1629,54697
921013,1629,51496
921013,1629,57060
921013,1629,51245
921013,1629,48435
921013,1629,56698
921013,1629,57625
921013,1629,54457
921013,1629,49137
921013,1629,46251
921013,1629,53253
921013,1629,58561
921013,1629,52575
921013,1629,46624
921013,1629,56404
921013,1629,51379
921013,1629,61402
921013,1629,59880
921013,1629,54301
921013,1629,51433
921013,1629,57501
921013,1629,54021
921013,1629,52715
921013,1629,49829
921013,1629,61064
921013,1629,60287
921013,1629,54011
921013,1629,51669
921013,1629,53501
921013,1629,50389
921013,1629,53428
921013,1629,51739
921013,1629,57472
921013,1629,64416
921013,1629,58345
921013,1629,45361
921013,1629,57905
921013,1629,50014
921013,1629,53150
921013,1629,60614
921013,1629,52098
921013,1629,57158
921013,1629,47679
921013,1629,46916
921013,1629,58384
921013,1629,54883
921013,1629,56918
921013,1629,58611
921013,1629,52332
921013,1629,48806
921013,1629,55205
921013,1629,54865
921013,1629,52076
921013,1629,46898
921013,1629,55396
921013,1629,49212
921013,1629,54317
921013,1629,54595
921013,1629,60610
921013,1629,52113
921013,1629,50217
921013,1629,58656
921013,1629,56001
921013,1629,57293
921013,1629,59297
921013,1629,50986
921013,1629,42673
921013,1629,54286
921013,1629,60774
921013,1629,51230
921013,1629,45587
921013,1629,52874
921013,1629,62493
921013,1629,58550
921013,1629,55576
921013,1629,57189
921013,1629,49392
921013,1629,54459
921013,1629,50305
921013,1629,58206
921013,1629,54879
921013,1629,51018
921013,1629,52249
921013,1629,59799
921013,1629,51471
921013,1629,51731
921013,1629,55368
921013,1629,56056
921013,1629,54755
921013,1629,55930
921013,1629,58847
921013,1629,53336
921013,1629,61561
921013,1629,57523
921013,1629,57317
921013,1629,49959
921013,1629,56840
921013,1629,45766
921013,1629,65680
921013,1629,51151
921013,1629,61736
921013,1629,48770
921013,1629,53192
921013,1629,50750
921013,1629,61436
921013,1629,55748
921013,1629,55828
921013,1629,46863
921013,1629,59753
921013,1629,65720
921013,1629,54693
921013,1629,41832
921013,1629,46018
921013,1629,47132
921013,1629,47119
921013,1629,53994
921013,1629,53561
921013,1629,59857
921013,1629,60745
921013,1629,58741
921013,1629,59407
921013,1629,54972
921013,1629,55023
921013,1629,54566
921013,1629,50329
921013,1629,50473
921013,1629,50080
921013,1629,54487
921013,1629,56652
921013,1629,53674
921013,1629,58214
921013,1629,48465
921013,1629,55320
921013,1629,54557
921013,1629,56942
921013,1629,46070
921013,1629,46924
921013,1629,55452
921013,1629,51097
921013,1629,58446
921013,1629,53173
921013,1629,52927
921013,1629,53105
921013,1629,48084
921013,1629,48802
921013,1629,48729
921013,1629,55069
921013,1629,46152
921013,1629,51713
921013,1629,48725
921013,1629,48260
921013,1629,48109
921013,1629,65044
921013,1629,55835
921013,1629,51144
921013,1629,65585
921013,1629,52996
921013,1629,51392
921013,1629,47411
921013,1629,64428
921013,1629,54808
921013,1629,61561
921013,1629,53849
921013,1629,45408
921013,1629,54452
921013,1629,55020
921013,1629,54524
921013,1629,55873
921013,1629,50928
921013,1629,56004
921013,1629,59031
921013,1629,56311
921013,1629,56154
921013,1629,59535
921013,1629,55138
921013,1629,64571
921013,1629,61788
921013,1629,49620
921013,1629,57826
921013,1629,48835
921013,1629,58090
921013,1629,57136
921013,1629,60554
921013,1629,54712
921013,1629,53720
921013,1629,49736
921013,1629,48672
921013,1629,58659
921013,1629,46772
921013,1629,49792
921013,1629,62633
921013,1629,56124
921013,1629,51060
921013,1629,55730
921013,1629,53579
921013,1629,48670
921013,1629,61777
921013,1629,44062
921013,1629,49184
921013,1629,62078
921013,1629,57670
921013,1629,47800
921013,1629,47448
921013,1629,54958
921013,1629,60170
921013,1629,57492
921013,1629,47782
921013,1629,47870
921013,1629,52478
921013,1629,53603
921013,1629,56518
921013,1629,52693
921013,1629,52060
921013,1629,63561
921013,1629,58640
921013,1629,49164
921013,1629,47745
921013,1629,64057
921013,1629,58181
921013,1629,61635
921013,1629,61490
921013,1629,59608
921013,1629,51886
921013,1629,48213
921013,1629,46515
921013,1629,56500
921013,1629,66737
921013,1629,47370
921013,1629,46814
921013,1629,50757
921013,1629,56963
921013,1629,54453
921013,1629,54672
921013,1629,57553
921013,1629,47141
921013,1629,54657
921013,1629,62128
921013,1629,49673
921013,1629,70952
921013,1629,54742
921013,1629,53486
921013,1629,54845
921013,1629,53707
921013,1629,53989
921013,1629,58764
921013,1629,51802
921013,1629,55060
921013,1629,58589
921013,1629,50834
921013,1629,58172
921013,1629,60204
921013,1629,53100
921013,1629,48566
921013,1629,40187
921013,1629,45882
921013,1629,53811
921013,1629,53994
921013,1629,55680
921013,1629,58891
921013,1629,44457
921013,1629,63789
921013,1629,64886
921013,1629,56436
921013,1629,49230
921013,1629,43376
921013,1629,52637
921013,1629,61707
921013,1629,54381
921013,1629,63912
921013,1629,46294
921013,1629,43261
921013,1629,61467
921013,1629,55083
921013,1629,65510
921013,1629,50481
921013,1629,64486
921013,1629,46752
921013,1629,48496
921013,1629,52061
921013,1629,46577
921013,1629,53850
921013,1629,57307
921013,1629,52586
921013,1629,52669
921013,1629,53767
921013,1629,51622
921013,1629,47726
921013,1629,54873
921013,1629,57374
921013,1629,65998
921013,1629,60302
921013,1629,43681
921013,1629,60158
921013,1629,53084
921013,1629,49088
921013,1629,44217
921013,1629,52763
921013,1629,47263
921013,1629,52794
921013,1629,55158
921013,1629,40786
921013,1629,59969
921013,1629,60102
921013,1629,53817
921013,1629,52649
921013,1629,53824
921013,1629,63791
921013,1629,62925
921013,1629,53153
921013,1629,50965
921013,1629,46488
921013,1629,47644
921013,1629,60343
921013,1629,58542
921013,1629,44385
921013,1629,60632
921013,1629,63175
921013,1629,44996
921013,1629,57220
921013,1629,55626
921013,1629,54972
921013,1629,49629
921013,1629,50306
921013,1629,48566
921013,1629,53352
921013,1629,49265
921013,1629,62053
921013,1629,54208
921013,1629,52940
921013,1629,56488
921013,1629,60955
921013,1629,61868
921013,1629,50839
921013,1629,63238
921013,1629,62009
921013,1629,52669
921013,1629,57146
921013,1629,61238
921013,1629,47143
921013,1629,56120
921013,1629,47544
921013,1629,45537
921013,1629,48717
921013,1629,54500
921013,1629,59282
921013,1629,60961
921013,1629,47506
921013,1629,51735
921013,1629,59943
921013,1629,47656
921013,1629,52394
921013,1629,56114
921013,1629,51040
921013,1629,52363
921013,1629,61648
921013,1629,42652
921013,1629,59511
921013,1629,54270
921013,1629,58000
921013,1629,50010
921013,1629,59042
921013,1629,44074
921013,1629,60883
921013,1629,51620
921013,1629,52688
921013,1629,57187
921013,1629,56209
921013,1629,53996
921013,1629,55576
921013,1629,60109
921013,1629,53522
921013,1629,54398
921013,1629,44484
921013,1629,59442
921013,1629,54418
921013,1629,50619
921013,1629,49068
921013,1629,60019
921013,1629,40714
921013,1629,62451
921013,1629,51851
921013,1629,56828
921013,1629,62839
921013,1629,54449
921013,1629,55776
921013,1629,53702
921013,1629,51150
921013,1629,58409
921013,1629,48262
921013,1629,48303
921013,1629,45796
921013,1629,59853
921013,1629,59624
921013,1629,56005
921013,1629,51934
921013,1629,57521
921013,1629,56282
921013,1629,58327
921013,1629,54637
921013,1629,50140
921013,1629,61499
921013,1629,56865
921013,1629,61382
921013,1629,59044
921013,1629,58229
921013,1629,47989
921013,1629,61253
921013,1629,65208
921013,1629,58362
921013,1629,51532
921013,1629,50423
921013,1629,56725
921013,1629,48828
921013,1629,53915
921013,1629,57787
921013,1629,53974
921013,1629,60671
921013,1629,50662
921013,1629,49255
921013,1629,50547
921013,1629,59781
921013,1629,58478
921013,1629,51286
921013,1629,50886
921013,1629,53228
921013,1629,59545
921013,1629,50970
921013,1629,46121
921013,1629,57571
921013,1629,54984
921013,1629,63372
921013,1629,63322
921013,1629,57764
921013,1629,49511
921013,1629,52929
921013,1629,50741
921013,1629,50705
921013,1629,54989
921013,1629,52612
921013,1629,58505
921013,1629,61372
921013,1629,63194
921013,1629,51503
921013,1629,51395
921013,1629,52580
921013,1629,54698
921013,1629,56507
921013,1629,48439
921013,1629,50999
921013,1629,52768
921013,1629,50179
921013,1629,44749
921013,1629,62691
921013,1629,60747
921013,1629,52754
921013,1629,55190
921013,1629,45948
921013,1629,52680
921013,1629,47146
921013,1629,56605
921013,1629,54275
921013,1629,54646
921013,1629,56947
921013,1629,57148
921013,1629,62052
921013,1629,48684
921013,1629,51795
921013,1629,62031
921013,1629,47491
921013,1629,43655
921013,1629,55376
921013,1629,48104
921013,1629,51214
921013,1629,58492
921013,1629,54640
921013,1629,35745
921013,1629,61114
921013,1629,58038
921013,1629,52405
921013,1629,52689
921013,1629,61403
921013,1629,49972
921013,1629,56838
921013,1629,49412
921013,1629,47928
921013,1629,68994
921013,1629,58371
921013,1629,56265
921013,1629,63392
921013,1629,63749
921013,1629,52623
921013,1629,61448
921013,1629,40595
921013,1629,56794
921013,1629,61943
921013,1629,48089
921013,1629,52248
921013,1629,49643
921013,1629,49234
921013,1629,43646
921013,1629,60111
921013,1629,47975
921013,1629,58601
921013,1629,48734
921013,1629,54811
921013,1629,49894
921013,1629,40740
921013,1629,53901
921013,1629,43795
921013,1629,63493
921013,1629,56175
921013,1629,55632
921013,1629,50400
921013,1629,51657
921013,1629,50656
921013,1629,52236
921013,1629,52123
921013,1629,44394
921013,1629,43083
921013,1629,55171
921013,1629,47410
921013,1629,55859
921013,1629,50071
921013,1629,51606
921013,1629,69471
921013,1629,51467
921013,1629,47419
921013,1629,40850
921013,1629,41888
921013,1629,44182
921013,1629,49875
921013,1629,50144
921013,1629,54854
921013,1629,54474
921013,1629,50681
921013,1629,58768
921013,1629,49677
921013,1629,53425
921013,1629,57797
921013,1629,60660
921013,1629,56703
921013,1629,53837
921013,1629,51174
921013,1629,53571
921013,1629,62034
921013,1629,58730
921013,1629,49286
921013,1629,56019
921013,1629,49603
921013,1629,59621
921013,1629,57177
921013,1629,49889
921013,1629,62199
921013,1629,54130
921013,1629,55020
921013,1629,52114
921013,1629,60395
921013,1629,53977
921013,1629,54879
921013,1629,61367
921013,1629,49948
921013,1629,56507
921013,1629,61918
921013,1629,54898
921013,1629,51214
921013,1629,51390
921013,1629,60366
921013,1629,52133
921013,1629,54653
921013,1629,52801
921013,1629,49131
921013,1629,56056
921013,1629,42868
921013,1629,47757
921013,1629,56134
921013,1629,51982
921013,1629,50598
921013,1629,53861
921013,1629,53375
921013,1629,61133
921013,1629,47099
921013,1629,38711
921013,1629,48733
921013,1629,54786
921013,1629,47387
921013,1629,52179
921013,1629,59099
921013,1629,50394
921013,1629,53859
921013,1629,50126
921013,1629,52358
921013,1629,54988
921013,1629,55046
921013,1629,53056
921013,1629,50786
921013,1629,45214
921013,1629,57983
921013,1629,60490
921013,1629,50163
921013,1629,45453
921013,1629,50020
921013,1629,56015
921013,1629,59842
921013,1629,51283
921013,1629,61836
921013,1629,56765
921013,1629,56170
921013,1629,55876
921013,1629,49922
921013,1629,52395
921013,1629,57748
921013,1629,49979
921013,1629,54536
921013,1629,58791
921013,1629,45917
921013,1629,49708
921013,1629,48887
921013,1629,51879
921013,1629,53792
921013,1629,63702
921013,1629,55775
921013,1629,65996
921013,1629,59923
921013,1629,55822
921013,1629,54927
921013,1629,65249
921013,1629,48364
921013,1629,57654
921013,1629,65827
921013,1629,49068
921013,1629,48646
921013,1629,54648
921013,1629,59947
921013,1629,57537
921013,1629,49854
921013,1629,53775
921013,1629,45162
921013,1629,44104
921013,1629,46850
921013,1629,50886
921013,1629,57189
921013,1629,56093
921013,1629,49870
921013,1629,49692
921013,1629,55021
921013,1629,57981
921013,1629,64100
921013,1629,48980
921013,1629,59555
921013,1629,45587
921013,1629,46745
921013,1629,63621
921013,1629,51999
921013,1629,62659
921013,1629,58061
921013,1629,53105
921013,1629,49312
921013,1629,45446
921013,1629,65887
921013,1629,56288
921013,1629,58832
921013,1629,57823
921013,1629,60420
921013,1629,58504
921013,1629,53206
921013,1629,61912
921013,1629,47270
921013,1629,51380
921013,1629,59159
921013,1629,57538
921013,1629,52218
921013,1629,63289
921013,1629,51035
921013,1629,54954
921013,1629,45719
921013,1629,54708
921013,1629,49150
921013,1629,57069
921013,1629,49717
921013,1629,53457
921013,1629,57321
921013,1629,58529
921013,1629,61474
921013,1629,54783
921013,1629,54408
921013,1629,58791
921013,1629,53577
921013,1629,52305
921013,1629,58295
921013,1629,49954
921013,1629,54128
921013,1629,56913
921013,1629,54124
921013,1629,53965
921013,1629,49713
921013,1629,52638
921013,1629,48115
921013,1629,55093
921013,1629,49940
921013,1629,50088
921013,1629,52355
921013,1629,49874
921013,1629,48952
921013,1629,47955
921013,1629,51711
921013,1629,51253
921013,1629,47114
921013,1629,45120
921013,1629,61533
921013,1629,44569
921013,1629,66256
921013,1629,49248
921013,1629,60043
921013,1629,53801
921013,1629,56832
921013,1629,47565
921013,1629,48766
921013,1629,62996
921013,1629,55418
921013,1629,43803
921013,1629,44986
921013,1629,53256
921013,1629,48786
921013,1629,61499
921013,1629,50075
921013,1629,60403
921013,1629,48062
921013,1629,58653
921013,1629,52241
921013,1629,53231
921013,1629,51036
921013,1629,61606
921013,1629,56385
921013,1629,51454
921013,1629,53298
921013,1629,57835
921013,1629,48358
921013,1629,61332
921013,1629,56442
921013,1629,55980
921013,1629,50491
921013,1629,50682
921013,1629,55017
921013,1629,59326
921013,1629,59625
921013,1629,50721
921013,1629,52814
921013,1629,56759
921013,1629,54296
921013,1629,53968
921013,1629,52713
921013,1629,56395
921013,1629,52953
921013,1629,56686
921013,1629,52598
921013,1629,55900
921013,1629,63253
921013,1629,60037
921013,1629,51368
921013,1629,47988
921013,1629,57961
921013,1629,65753
921013,1629,54580
921013,1629,52950
921013,1629,58657
921013,1629,54788
921013,1629,49916
921013,1629,53556
921013,1629,54939
921013,1629,52191
921013,1629,51365
921013,1629,52516
921013,1629,59821
921013,1629,48927
921013,1629,50780
921013,1629,56137
921013,1629,56082
921013,1629,63167
921013,1629,51509
921013,1629,45736
921013,1629,48520
921013,1629,63233
921013,1629,51241
921013,1629,60964
921013,1629,51972
921013,1629,55424
921013,1629,55605
921013,1629,52121
921013,1629,49034
921013,1629,53510
921013,1629,43584
921013,1629,52557
921013,1629,55028
921013,1629,50256
921013,1629,64186
921013,1629,58857
921013,1629,50408
921013,1629,41976
921013,1629,46548
921013,1629,52946
921013,1629,62446
921013,1629,50868
921013,1629,54986
921013,1629,58039
921013,1629,59965
921013,1629,59863
921013,1629,55062
921013,1629,60512
921013,1629,58101
921013,1629,61273
921013,1629,54339
921013,1629,45736
921013,1629,55544
921013,1629,56610
921013,1629,53381
921013,1629,55425
921013,1629,58275
921013,1629,62433
921013,1629,54893
921013,1629,51934
921013,1629,39155
921013,1629,55331
921013,1629,47849
921013,1629,59138
921013,1629,53631
921013,1629,58710
921013,1629,49660
921013,1629,56861
921013,1629,51410
921013,1629,60991
921013,1629,54901
921013,1629,41192
921013,1629,59646
921013,1629,46511
921013,1629,52753
921013,1629,49584
921013,1629,60001
921013,1629,53273
921013,1629,54817
921013,1629,52894
921013,1629,55564
921013,1629,53906
921013,1629,54317
921013,1629,61261
921013,1629,60246
921013,1629,64562
921013,1629,51764
921013,1629,52789
921013,1629,55228
921013,1629,51137
921013,1629,57548
921013,1629,57194
921013,1629,54289
921013,1629,62727
921013,1629,52167
921013,1629,58014
921013,1629,55043
921013,1629,49918
921013,1629,59574
921013,1629,50403
921013,1629,66963
921013,1629,46301
921013,1629,57445
921013,1629,59429
921013,1629,61566
921013,1629,51748
921013,1629,52635
921013,1629,57615
921013,1629,57917
921013,1629,55531
921013,1629,47314
921013,1629,57705
921013,1629,49681
921013,1629,43997
921013,1629,51678
921013,1629,52602
921013,1629,61877
921013,1629,50649
921013,1629,49797
921013,1629,52454
921013,1629,51616
921013,1629,56917
921013,1629,43995
921013,1629,50000
921013,1629,56351
921013,1629,54902
921013,1629,52143
921013,1629,51705
921013,1629,54022
921013,1629,51588
921013,1629,56664
921013,1629,55145
921013,1629,51772
921013,1629,56393
921013,1629,55245
921013,1629,41939
921013,1629,60310
921013,1629,60121
921013,1629,61229
921013,1629,58236
921013,1629,59108
921013,1629,58955
921013,1629,47412
921013,1629,47685
921013,1629,64197
921013,1629,46833
921013,1629,53142
921013,1629,61478
921013,1629,46186
921013,1629,68293
921013,1629,60248
921013,1629,48017
921013,1629,55564
921013,1629,56899
921013,1629,56064
921013,1629,50478
921013,1629,52837
921013,1629,48880
921013,1629,56786
921013,1629,61471
921013,1629,51652
921013,1629,54840
921013,1629,46044
921013,1629,48429
921013,1629,55198
921013,1629,59215
921013,1629,56764
921013,1629,57655
921013,1629,51252
921013,1629,50913
921013,1629,53972
921013,1629,56465
921013,1629,49927
921013,1629,58425
921013,1629,56270
921013,1629,52452
921013,1629,57753
921013,1629,51968
921013,1629,56307
921013,1629,42454
921013,1629,51654
921013,1629,58187
921013,1629,50173
921013,1629,45519
921013,1629,46188
921013,1629,54207
921013,1629,54195
921013,1629,57948
921013,1629,52834
921013,1629,43962
921013,1629,55179
921013,1629,50875
921013,1629,61364
921013,1629,53115
921013,1629,49716
921013,1629,57368
921013,1629,47748
921013,1629,53353
921013,1629,51098
921013,1629,45549
921013,1629,60787
921013,1629,59069
921013,1629,51692
921013,1629,49188
921013,1629,57599
921013,1629,50915
921013,1629,48741
921013,1629,51565
921013,1629,50456
921013,1629,45840
921013,1629,47720
921013,1629,58038
921013,1629,51795
921013,1629,49733
921013,1629,46536
921013,1629,59321
921013,1629,49690
921013,1629,61343
921013,1629,53372
921013,1629,48238
921013,1629,58929
921013,1629,64795
921013,1629,62560
921013,1629,54272
921013,1629,56404
921013,1629,51979
921013,1629,53526
921013,1629,65983
921013,1629,48205
921013,1629,59152
921013,1629,56717
921013,1629,51427
921013,1629,56355
921013,1629,57668
921013,1629,58007
921013,1629,52974
921013,1629,57532
921013,1629,53143
921013,1629,48284
921013,1629,57159
921013,1629,59367
921013,1629,55398
921013,1629,65188
921013,1629,61051
921013,1629,56745
921013,1629,59773
921013,1629,52527
921013,1629,59564
921013,1629,39024
921013,1629,48904
921013,1629,43462
921013,1629,55924
921013,1629,61133
921013,1629,56819
921013,1629,52231
921013,1629,49731
921013,1629,53178
921013,1629,67029
921013,1629,58843
921013,1629,55800
921013,1629,52056
921013,1629,51342
921013,1629,53153
921013,1629,52903
921013,1629,48631
921013,1629,61690
921013,1629,46318
921013,1629,57273
921013,1629,50878
921013,1629,49713
921013,1629,42528
921013,1629,49673
921013,1629,56626
921013,1629,53321
921013,1629,54235
921013,1629,53360
921013,1629,49400
921013,1629,44839
921013,1629,56083
921013,1629,55869
921013,1629,52794
921013,1629,60184
921013,1629,53783
921013,1629,54233
921013,1629,35239
921013,1629,56010
921013,1629,58152
921013,1629,45831
921013,1629,54479
921013,1629,56192
921013,1629,58224
921013,1629,48053
921013,1629,46828
921013,1629,45856
921013,1629,50581
921013,1629,42613
921013,1629,59673
921013,1629,51728
921013,1629,49145
921013,1629,50841
921013,1629,50000
921013,1629,59228
921013,1629,53440
921013,1629,50567
921013,1629,51362
921013,1629,51991
921013,1629,55022
921013,1629,54056
921013,1629,48291
921013,1629,49979
921013,1629,51945
921013,1629,56434
921013,1629,45970
921013,1629,47232
921013,1629,56252
921013,1629,43991
921013,1629,48980
921013,1629,55181
921013,1629,59038
921013,1629,54703
921013,1629,53919
921013,1629,59266
921013,1629,54232
921013,1629,61894
921013,1629,49258
921013,1629,55756
921013,1629,63394
921013,1629,54368
921013,1629,63941
921013,1629,53592
921013,1629,58919
921013,1629,50247
921013,1629,59771
921013,1629,48345
921013,1629,59871
921013,1629,62706
921013,1629,61119
921013,1629,47056
921013,1629,52724
921013,1629,56543
921013,1629,49920
921013,1629,52268
921013,1629,53890
921013,1629,52889
921013,1629,58696
921013,1629,53950
921013,1629,57955
921013,1629,57701
921013,1629,44929
921013,1629,56824
921013,1629,60966
921013,1629,50552
921013,1629,56163
921013,1629,42823
921013,1629,58975
921013,1629,43520
921013,1629,60733
921013,1629,55682
921013,1629,45552
921013,1629,42424
921013,1629,45866
921013,1629,47920
921013,1629,53834
921013,1629,58210
921013,1629,42260
921013,1629,50101
921013,1629,60439
921013,1629,53344
921013,1629,55769
921013,1629,56341
921013,1629,53344
921013,1629,59913
921013,1629,58971
921013,1629,44534
921013,1629,54711
921013,1629,58021
921013,1629,57504
921013,1629,55302
921013,1629,49040
921013,1629,54447
921013,1629,51414
921013,1629,45769
921013,1629,56806
921013,1629,56215
921013,1629,55498
921013,1629,50840
921013,1629,49940
921013,1629,46521
921013,1629,53186
921013,1629,53347
921013,1629,55520
921013,1629,66186
921013,1629,57562
921013,1629,52324
921013,1629,57232
921013,1629,54051
921013,1629,60118
921013,1629,54847
921013,1629,56085
921013,1629,56035
921013,1629,62685
921013,1629,53490
921013,1629,49603
921013,1629,62066
921013,1629,56216
921013,1629,56346
921013,1629,56674
921013,1629,50025
921013,1629,47683
921013,1629,45939
921013,1629,56696
921013,1629,48213
921013,1629,50122
921013,1629,55110
921013,1629,58910
921013,1629,50844
921013,1629,38934
921013,1629,47177
921013,1629,48719
921013,1629,50159
921013,1629,57289
921013,1629,51158
921013,1629,41469
921013,1629,50312
921013,1629,66801
921013,1629,46672
921013,1629,46841
921013,1629,52480
921013,1629,48053
921013,1629,60653
921013,1629,64679
921013,1629,58601
921013,1629,55451
921013,1629,46058
921013,1629,58628
921013,1629,63167
921013,1629,52979
921013,1629,63092
921013,1629,55797
921013,1629,42273
921013,1629,44855
921013,1629,52038
921013,1629,47214
921013,1629,60505
921013,1629,53194
921013,1629,44920
921013,1629,59892
921013,1629,45775
921013,1629,57207
921013,1629,55870
921013,1629,51246
921013,1629,48414
921013,1629,57610
921013,1629,47863
921013,1629,44251
921013,1629,60569
921013,1629,57905
921013,1629,51121
921013,1629,54257
921013,1629,57198
921013,1629,55538
921013,1629,63396
921013,1629,59398
921013,1629,43753
921013,1629,44389
921013,1629,52608
921013,1629,54471
921013,1629,58446
921013,1629,54278
921013,1629,60863
921013,1629,59067
921013,1629,51744
921013,1629,44001
921013,1629,53686
921013,1629,47744
921013,1629,58921
921013,1629,54087
921013,1629,51012
921013,1629,57714
921013,1629,46019
921013,1629,54224
921013,1629,54140
921013,1629,54025
921013,1629,58212
921013,1629,50491
921013,1629,59478
921013,1629,48997
921013,1629,46546
921013,1629,45251
921013,1629,59807
921013,1629,53814
921013,1629,60686
921013,1629,46437
921013,1629,46608
921013,1629,55234
921013,1629,50016
921013,1629,56093
921013,1629,48226
921013,1629,53503
921013,1629,55620
921013,1629,49627
921013,1629,50024
921013,1629,62417
921013,1629,59267
921013,1629,41618
921013,1629,67405
921013,1629,54553
921013,1629,39190
921013,1629,62414
921013,1629,52912
921013,1629,49210
921013,1629,55709
921013,1629,62055
921013,1629,57345
921013,1629,44333
921013,1629,50551
921013,1629,58904
921013,1629,49279
921013,1629,44244
921013,1629,58179
921013,1629,54264
921013,1629,54005
921013,1629,59499
921013,1629,50413
921013,1629,49782
921013,1629,56801
921013,1629,53207
921013,1629,62420
921013,1629,40234
921013,1629,57452
921013,1629,56381
921013,1629,57949
921013,1629,57200
921013,1629,48621
921013,1629,60820
921013,1629,63524
921013,1629,57263
921013,1629,56594
921013,1629,51995
921013,1629,58504
921013,1629,54640
921013,1629,55262
921013,1629,54765
921013,1629,49244
921013,1629,52889
921013,1629,61928
921013,1629,55904
921013,1629,56962
921013,1629,51651
921013,1629,44331
921013,1629,57371
921013,1629,53301
921013,1629,51316
921013,1629,53465
921013,1629,63550
921013,1629,56627
921013,1629,45703
921013,1629,48275
921013,1629,57753
921013,1629,56917
921013,1629,51187
921013,1629,53892
921013,1629,47964
921013,1629,54480
921013,1629,52881
921013,1629,56112
921013,1629,69549
921013,1629,49881
921013,1629,51361
921013,1629,60379
921013,1629,53196
921013,1629,57517
921013,1629,52092
921013,1629,43555
921013,1629,51966
921013,1629,47626
921013,1629,48571
921013,1629,53044
921013,1629,57760
921013,1629,51952
921013,1629,62331
921013,1629,44153
921013,1629,51876
921013,1629,42581
921013,1629,52263
921013,1629,55814
921013,1629,55149
921013,1629,51908
921013,1629,46637
921013,1629,54221
921013,1629,48002
921013,1629,58463
921013,1629,62621
921013,1629,59205
921013,1629,55449
921013,1629,61220
921013,1629,57567
921013,1629,50579
921013,1629,46739
921013,1629,60646
921013,1629,54390
921013,1629,50751
921013,1629,57755
921013,1629,60781
921013,1629,61504
921013,1629,57287
921013,1629,48219
921013,1629,51832
921013,1629,45858
921013,1629,57602
921013,1629,46472
921013,1629,51085
921013,1629,52794
921013,1629,53178
921013,1629,44512
921013,1629,56805
921013,1629,56249
921013,1629,51323
921013,1629,46517
921013,1629,60181
921013,1629,57005
921013,1629,54438
921013,1629,59869
921013,1629,57003
921013,1629,63435
921013,1629,51684
921013,1629,47919
921013,1629,57035
921013,1629,59575
921013,1629,59995
921013,1629,52470
921013,1629,56989
921013,1629,58887
921013,1629,62770
921013,1629,59255
921013,1629,71859
921013,1629,56925
921013,1629,52028
921013,1629,47713
921013,1629,51546
921013,1629,45325
921013,1629,45127
921013,1629,46533
921013,1629,55654
921013,1629,54149
921013,1629,52213
921013,1629,50543
921013,1629,54247
921013,1629,48045
921013,1629,57761
921013,1629,50128
921013,1629,51693
921013,1629,58219
921013,1629,52899
921013,1629,51272
921013,1629,63786
921013,1629,47616
921013,1629,53259
921013,1629,52421
921013,1629,59522
921013,1629,56762
921013,1629,46709
921013,1629,47253
921013,1629,59492
921013,1629,50193
921013,1629,56795
921013,1629,58949
921013,1629,53664
921013,1629,55059
921013,1629,51274
921013,1629,46793
921013,1629,52730
921013,1629,61439
921013,1629,56833
921013,1629,52611
921013,1629,60225
921013,1629,52783
921013,1629,57914
921013,1629,59378
921013,1629,56201
921013,1629,58862
921013,1629,53373
921013,1629,51472
921013,1629,50855
921013,1629,49343
921013,1629,50296
921013,1629,52511
921013,1629,52871
921013,1629,50316
921013,1629,59843
921013,1629,59322
921013,1629,47631
921013,1629,52554
921013,1629,61188
921013,1629,58997
921013,1629,53032
921013,1629,54895
921013,1629,52881
921013,1629,51418
921013,1629,51975
921013,1629,51398
921013,1629,59616
921013,1629,60738
921013,1629,50471
921013,1629,66624
921013,1629,54463
921013,1629,44681
921013,1629,42623
921013,1629,54249
921013,1629,66731
921013,1629,45729
921013,1629,52405
921013,1629,44890
921013,1629,46138
921013,1629,45487
921013,1629,39507
921013,1629,62050
921013,1629,46757
921013,1629,51431
921013,1629,47940
921013,1629,47919
921013,1629,44934
921013,1629,55184
921013,1629,58749
921013,1629,61744
921013,1629,54885
921013,1629,50138
921013,1629,57829
921013,1629,53659
921013,1629,50892
921013,1629,46949
921013,1629,61804
921013,1629,57730
921013,1629,60189
921013,1629,53751
921013,1629,54112
921013,1629,54835
921013,1629,68704
921013,1629,53880
921013,1629,58703
921013,1629,47961
921013,1629,56998
921013,1629,55820
921013,1629,56160
921013,1629,53658
921013,1629,53368
921013,1629,50770
921013,1629,63933
921013,1629,46145
921013,1629,50847
921013,1629,50193
921013,1629,50481
921013,1629,55935
921013,1629,55665
921013,1629,47477
921013,1629,51030
921013,1629,62133
921013,1629,47578
921013,1629,55837
921013,1629,47369
921013,1629,52236
921013,1629,46401
921013,1629,54851
921013,1629,56021
921013,1629,58407
921013,1629,59630
921013,1629,54031
921013,1629,48870
921013,1629,59177
921013,1629,52893
921013,1629,50837
921013,1629,51689
921013,1629,50544
921013,1629,58769
921013,1629,57226
921013,1629,53188
921013,1629,52407
921013,1629,55801
921013,1629,55214
921013,1629,60290
921013,1629,51109
921013,1629,49324
921013,1629,50043
921013,1629,49146
921013,1629,60524
921013,1629,55877
921013,1629,60697
921013,1629,46557
921013,1629,60200
921013,1629,69505
921013,1629,57735
921013,1629,57242
921013,1629,57168
921013,1629,54814
921013,1629,50273
921013,1629,57326
921013,1629,45436
921013,1629,49885
921013,1629,56783
921013,1629,52275
921013,1629,53241
921013,1629,47893
921013,1629,55807
921013,1629,55633
921013,1629,56308
921013,1629,53716
921013,1629,56068
921013,1629,45969
921013,1629,61792
921013,1629,58687
921013,1629,54746
921013,1629,56224
921013,1629,55404
921013,1629,51382
921013,1629,56528
921013,1629,47399
921013,1629,55529
921013,1629,54268
921013,1629,51611
921013,1629,53590
921013,1629,54756
921013,1629,55715
921013,1629,55971
921013,1629,49636
921013,1629,50284
921013,1629,56649
921013,1629,39218
921013,1629,46330
921013,1629,52243
921013,1629,57477
921013,1629,56634
921013,1629,40251
921013,1629,44903
921013,1629,46573
921013,1629,51803
921013,1629,45572
921013,1629,57111
921013,1629,63313
921013,1629,37356
921013,1629,54929
921013,1629,54458
921013,1629,58497
921013,1629,59502
921013,1629,52915
921013,1629,54660
921013,1629,51734
921013,1629,44718
921013,1629,50675
921013,1629,50520
921013,1629,51171
921013,1629,41943
921013,1629,56545
921013,1629,52349
921013,1629,51886
921013,1629,60746
921013,1629,55101
921013,1629,53575
921013,1629,57043
921013,1629,54772
921013,1629,64699
921013,1629,55389
921013,1629,52608
921013,1629,58785
921013,1629,48139
921013,1629,55083
921013,1629,57909
921013,1629,46773
921013,1629,44885
921013,1629,52467
921013,1629,55583
921013,1629,61080
921013,1629,63332
921013,1629,55263
921013,1629,58958
921013,1629,51840
921013,1629,39459
921013,1629,45915
921013,1629,48701
921013,1629,42402
921013,1629,46950
921013,1629,45414
921013,1629,55735
921013,1629,54549
921013,1629,57844
921013,1629,61863
921013,1629,57296
921013,1629,50584
921013,1629,63271
921013,1629,54208
921013,1629,57808
921013,1629,62811
921013,1629,58143
921013,1629,51674
921013,1629,61645
921013,1629,55890
921013,1629,57032
921013,1629,58849
921013,1629,48540
921013,1629,56010
921013,1629,55728
921013,1629,60685
921013,1629,57113
921013,1629,50883
921013,1629,45004
921013,1629,59373
921013,1629,63484
921013,1629,60004
921013,1629,53515
921013,1629,47201
921013,1629,58406
921013,1629,48972
921013,1629,41907
921013,1629,46163
921013,1629,50728
921013,1629,53637
921013,1629,59553
921013,1629,56658
921013,1629,65148
921013,1629,55187
921013,1629,63860
921013,1629,50767
921013,1629,48214
921013,1629,52374
921013,1629,49984
921013,1629,43441
921013,1629,57654
921013,1629,55335
921013,1629,60754
921013,1629,56786
921013,1629,49810
921013,1629,43576
921013,1629,47317
921013,1629,56818
921013,1629,48749
921013,1629,56773
921013,1629,56779
921013,1629,55751
921013,1629,61576
921013,1629,46273
921013,1629,63167
921013,1629,49535
921013,1629,50873
921013,1629,50516
921013,1629,49395
921013,1629,59525
921013,1629,48097
921013,1629,46457
921013,1629,60437
921013,1629,50289
921013,1629,59019
921013,1629,50371
921013,1629,52236
921013,1629,60413
921013,1629,55588
921013,1629,55419
921013,1629,49894
921013,1629,59998
921013,1629,52870
921013,1629,41953
921013,1629,54721
921013,1629,45957
921013,1629,58619
921013,1629,53523
921013,1629,56346
921013,1629,57905
921013,1629,62506
921013,1629,48689
921013,1629,52182
921013,1629,46162
921013,1629,45777
921013,1629,63878
921013,1629,59775
921013,1629,46842
921013,1629,51250
921013,1629,50392
921013,1629,52638
921013,1629,56342
921013,1629,47480
921013,1629,50060
921013,1629,44956
921013,1629,54505
921013,1629,46702
921013,1629,57988
921013,1629,52142
921013,1629,52273
921013,1629,42890
921013,1629,47919
921013,1629,50893
921013,1629,51647
921013,1629,50003
921013,1629,55244
921013,1629,52598
921013,1629,58399
921013,1629,48223
921013,1629,64726
921013,1629,57409
921013,1629,53464
921013,1629,53135
921013,1629,61817
921013,1629,49787
921013,1629,59456
921013,1629,53261
921013,1629,55691
921013,1629,69729
921013,1629,50601
921013,1629,60031
921013,1629,47537
921013,1629,53621
921013,1629,53515
921013,1629,56096
921013,1629,55327
921013,1629,52626
921013,1629,61133
921013,1629,51529
921013,1629,54579
921013,1629,53291
921013,1629,51649
921013,1629,56709
921013,1629,67497
921013,1629,59516
921013,1629,60301
921013,1629,59377
921013,1629,55973
921013,1629,56491
921013,1629,54755
921013,1629,58813
921013,1629,52976
921013,1629,42039
921013,1629,48062
921013,1629,54016
921013,1629,46418
921013,1629,52032
921013,1629,57482
921013,1629,58334
921013,1629,55279
921013,1629,61748
921013,1629,49846
921013,1629,55384
921013,1629,47404
921013,1629,58357
921013,1629,49205
921013,1629,67539
921013,1629,52966
921013,1629,53525
921013,1629,60612
921013,1629,57821
921013,1629,55973
921013,1629,58668
921013,1629,53952
921013,1629,58920
921013,1629,50417
921013,1629,51537
921013,1629,68215
921013,1629,49790
921013,1629,53376
921013,1629,54499
921013,1629,67630
921013,1629,43717
921013,1629,52226
921013,1629,46360
921013,1629,56774
921013,1629,53395
921013,1629,54078
921013,1629,58656
921013,1629,57762
921013,1629,49013
921013,1629,59487
921013,1629,59060
921013,1629,63403
921013,1629,50213
921013,1629,53963
921013,1629,60449
921013,1629,53914
921013,1629,48454
921013,1629,51131
921013,1629,44439
921013,1629,58523
921013,1629,50632
921013,1629,51178
921013,1629,54531
921013,1629,67052
921013,1629,52226
921013,1629,55949
921013,1629,60181
921013,1629,62539
921013,1629,41609
921013,1629,60813
921013,1629,46603
921013,1629,61170
921013,1629,52218
921013,1629,49921
921013,1629,55917
921013,1629,54480
921013,1629,50822
921013,1629,51899
921013,1629,51800
921013,1629,57805
921013,1629,38911
921013,1629,56284
921013,1629,56955
921013,1629,46309
921013,1629,56992
921013,1629,57076
921013,1629,68139
921013,1629,55907
921013,1629,54186
921013,1629,49965
921013,1629,51478
921013,1629,59010
921013,1629,60141
921013,1629,65860
921013,1629,56350
921013,1629,52643
921013,1629,52227
921013,1629,50077
921013,1629,48547
921013,1629,55891
921013,1629,55979
921013,1629,51431
921013,1629,55534
921013,1629,46212
921013,1629,51089
921013,1629,54116
921013,1629,54597
921013,1629,55581
921013,1629,50262
921013,1629,49241
921013,1629,55572
921013,1629,56592
921013,1629,53397
921013,1629,48864
921013,1629,57421
921013,1629,52477
921013,1629,52101
921013,1629,66415
921013,1629,51829
921013,1629,49883
921013,1629,57398
921013,1629,50811
921013,1629,47206
921013,1629,46587
921013,1629,57117
921013,1629,58138
921013,1629,58850
921013,1629,50172
921013,1629,49259
921013,1629,50179
921013,1629,50244
921013,1629,41478
921013,1629,52234
921013,1629,58734
921013,1629,73795
921013,1629,53677
921013,1629,54218
921013,1629,58259
921013,1629,57686
921013,1629,53672
921013,1629,59051
921013,1629,50878
921013,1629,50916
921013,1629,48107
921013,1629,50642
921013,1629,54509
921013,1629,51098
921013,1629,58514
921013,1629,43810
921013,1629,58506
921013,1629,58671
921013,1629,42606
921013,1629,62414
921013,1629,53404
921013,1629,53600
921013,1629,49307
921013,1629,55654
921013,1629,52996
921013,1629,56879
921013,1629,53949
921013,1629,48353
921013,1629,45361
921013,1629,53739
921013,1629,62605
921013,1629,49205
921013,1629,52341
921013,1629,59738
921013,1629,60174
921013,1629,61467
921013,1629,52735
921013,1629,59545
921013,1629,65765
921013,1629,60636
921013,1629,64575
921013,1629,57165
921013,1629,58608
921013,1629,61811
921013,1629,46765
921013,1629,47953
921013,1629,50160
921013,1629,47189
921013,1629,58886
921013,1629,48898
921013,1629,51303
921013,1629,45687
921013,1629,63567
921013,1629,55353
921013,1629,51268
921013,1629,56308
921013,1629,46600
921013,1629,41095
921013,1629,59655
921013,1629,53710
921013,1629,54796
921013,1629,54915
921013,1629,61625
921013,1629,54738
921013,1629,59796
921013,1629,53533
921013,1629,52971
921013,1629,67178
921013,1629,51366
921013,1629,47147
921013,1629,47194
921013,1629,54967
921013,1629,54322
921013,1629,47113
921013,1629,56226
921013,1629,53317
921013,1629,51657
921013,1629,51169
921013,1629,48670
921013,1629,60728
921013,1629,52072
921013,1629,50262
921013,1629,56570
921013,1629,59156
921013,1629,55033
921013,1629,54221
921013,1629,59110
921013,1629,51207
921013,1629,62200
921013,1629,52822
921013,1629,65062
921013,1629,50309
921013,1629,49638
921013,1629,59459
921013,1629,53109
921013,1629,60199
921013,1629,48324
921013,1629,54705
921013,1629,50144
921013,1629,54968
921013,1629,53817
921013,1629,53108
921013,1629,50644
921013,1629,56154
921013,1629,47615
921013,1629,52567
921013,1629,51028
921013,1629,61666
921013,1629,45717
921013,1629,48691
921013,1629,51866
921013,1629,51849
921013,1629,48769
921013,1629,59526
921013,1629,47743
921013,1629,62395
921013,1629,56906
921013,1629,47106
921013,1629,54179
921013,1629,57005
921013,1629,58847
921013,1629,63651
921013,1629,53725
921013,1629,46754
921013,1629,59566
921013,1629,55606
921013,1629,58301
921013,1629,52969
921013,1629,49271
921013,1629,56758
921013,1629,51874
921013,1629,56860
921013,1629,48639
921013,1629,52525
921013,1629,60594
921013,1629,53782
921013,1629,53390
921013,1629,52008
921013,1629,58565
921013,1629,55631
921013,1629,59852
921013,1629,48626
921013,1629,51839
921013,1629,57929
921013,1629,50383
921013,1629,56206
921013,1629,52623
921013,1629,52393
921013,1629,52945
921013,1629,61979
921013,1629,57936
921013,1629,55216
921013,1629,66356
921013,1629,60043
921013,1629,43735
921013,1629,53078
921013,1629,52291
921013,1629,56189
921013,1629,55548
921013,1629,50205
921013,1629,54066
921013,1629,45539
921013,1629,51501
921013,1629,57503
921013,1629,52241
921013,1629,59924
921013,1629,58546
921013,1629,62804
921013,1629,55341
921013,1629,55954
921013,1629,58097
921013,1629,54674
921013,1629,51504
921013,1629,57641
921013,1629,67572
921013,1629,56377
921013,1629,52879
921013,1629,51808
921013,1629,50782
921013,1629,51832
921013,1629,58949
921013,1629,48184
921013,1629,52767
921013,1629,50144
921013,1629,52102
921013,1629,62238
921013,1629,60757
921013,1629,61308
921013,1629,49384
921013,1629,56491
921013,1629,52271
921013,1629,54021
921013,1629,61502
921013,1629,57665
921013,1629,55629
921013,1629,48409
921013,1629,45419
921013,1629,56293
921013,1629,47411
921013,1629,54791
921013,1629,60008
921013,1629,49119
921013,1629,41960
921013,1629,61868
921013,1629,45614
921013,1629,50854
921013,1629,52163
921013,1629,50015
921013,1629,55896
921013,1629,55574
921013,1629,50033
921013,1629,56967
921013,1629,62916
921013,1629,50780
921013,1629,62350
921013,1629,59748
921013,1629,49684
921013,1629,50990
921013,1629,50407
921013,1629,49256
921013,1629,51964
921013,1629,57025
921013,1629,54063
921013,1629,48479
921013,1629,63913
921013,1629,55699
921013,1629,54508
921013,1629,58718
921013,1629,61686
921013,1629,57483
921013,1629,62119
921013,1629,55480
921013,1629,59418
921013,1629,48677
921013,1629,54506
921013,1629,44193
921013,1629,57563
921013,1629,51630
921013,1629,49262
921013,1629,49276
921013,1629,53662
921013,1629,54507
921013,1629,43544
921013,1629,56269
921013,1629,55386
921013,1629,49393
921013,1629,54502
921013,1629,54572
921013,1629,60813
921013,1629,55561
921013,1629,49140
921013,1629,59132
921013,1629,45221
921013,1629,56428
921013,1629,49976
921013,1629,48207
921013,1629,51970
921013,1629,55968
921013,1629,44671
921013,1629,52582
921013,1629,57594
921013,1629,52393
921013,1629,47801
921013,1629,46206
921013,1629,55588
921013,1629,44356
921013,1629,43047
921013,1629,58524
921013,1629,44074
921013,1629,53511
921013,1629,55699
921013,1629,48671
921013,1629,53639
921013,1629,54785
921013,1629,54621
921013,1629,52248
921013,1629,56280
921013,1629,56796
921013,1629,51452
921013,1629,57178
921013,1629,40536
921013,1629,64195
921013,1629,65870
921013,1629,54344
921013,1629,45966
921013,1629,61401
921013,1629,58027
921013,1629,59994
921013,1629,55666
921013,1629,55074
921013,1629,52716
921013,1629,50390
921013,1629,47777
921013,1629,52724
921013,1629,55098
921013,1629,57201
921013,1629,54211
921013,1629,53775
921013,1629,54536
921013,1629,53956
921013,1629,45296
921013,1629,54825
921013,1629,50425
921013,1629,60945
921013,1629,56458
921013,1629,53267
921013,1629,49690
921013,1629,51229
921013,1629,47072
921013,1629,51388
921013,1629,60991
921013,1629,51216
921013,1629,65860
921013,1629,55007
921013,1629,55784
921013,1629,53212
921013,1629,54663
921013,1629,54736
921013,1629,65382
921013,1629,60665
921013,1629,50719
921013,1629,52722
921013,1629,56261
921013,1629,51501
921013,1629,52861
921013,1629,53276
921013,1629,55971
921013,1629,59530
921013,1629,61062
921013,1629,62754
921013,1629,56237
921013,1629,63676
921013,1629,51810
921013,1629,53251
921013,1629,51236
921013,1629,62970
921013,1629,57840
921013,1629,44668
921013,1629,54455
921013,1629,53757
921013,1629,54035
921013,1629,54440
921013,1629,47393
921013,1629,58752
921013,1629,64470
921013,1629,61984
921013,1629,57167
921013,1629,48819
921013,1629,54514
921013,1629,54819
921013,1629,56423
921013,1629,50237
921013,1629,57557
921013,1629,45201
921013,1629,44321
921013,1629,54762
921013,1629,56347
921013,1629,53355
921013,1629,49219
921013,1629,59480
921013,1629,53259
921013,1629,57705
921013,1629,56346
921013,1629,41738
921013,1629,61026
921013,1629,58692
921013,1629,48311
921013,1629,66520
921013,1629,54328
921013,1629,58634
921013,1629,53102
921013,1629,46526
921013,1629,57791
921013,1629,56443
921013,1629,52661
921013,1629,48451
921013,1629,62584
921013,1629,45608
921013,1629,60544
921013,1629,55853
921013,1629,54055
921013,1629,57268
921013,1629,55583
921013,1629,44209
921013,1629,52593
921013,1629,53006
921013,1629,50686
921013,1629,53997
921013,1629,51031
921013,1629,53980
921013,1629,50035
921013,1629,54893
921013,1629,59419
921013,1629,48165
921013,1629,44285
921013,1629,55268
921013,1629,56206
921013,1629,60593
921013,1629,55382
921013,1629,52929
921013,1629,56526
921013,1629,57648
921013,1629,60560
921013,1629,53572
921013,1629,53396
921013,1629,56879
921013,1629,58422
921013,1629,55752
921013,1629,47461
921013,1629,54149
921013,1629,54884
921013,1629,64032
921013,1629,54491
921013,1629,65246
921013,1629,60129
921013,1629,57350
921013,1629,53293
921013,1629,46404
921013,1629,52554
921013,1629,53513
921013,1629,57852
921013,1629,47449
921013,1629,51330
921013,1629,61119
921013,1629,48598
921013,1629,53682
921013,1629,48705
921013,1629,56465
921013,1629,63427
921013,1629,53869
921013,1629,59986
921013,1629,47494
921013,1629,54057
921013,1629,57309
921013,1629,47847
921013,1629,57591
921013,1629,48809
921013,1629,56579
921013,1629,58182
921013,1629,47256
921013,1629,55667
921013,1629,51883
921013,1629,57042
921013,1629,66649
921013,1629,53188
921013,1629,47835
921013,1629,55037
921013,1629,52274
921013,1629,56709
921013,1629,49327
921013,1629,59519
921013,1629,45912
921013,1629,59151
921013,1629,52494
921013,1629,58254
921013,1629,41434
921013,1629,56455
921013,1629,48883
921013,1629,50595
921013,1629,52665
921013,1629,53954
921013,1629,59738
921013,1629,59178
921013,1629,53106
921013,1629,55640
921013,1629,56344
921013,1629,62023
921013,1629,56184
921013,1629,51743
921013,1629,52330
921013,1629,66716
921013,1629,52888
921013,1629,61412
921013,1629,54528
921013,1629,52735
921013,1629,58984
921013,1629,53926
921013,1629,48981
921013,1629,62708
921013,1629,49613
921013,1629,65614
921013,1629,57322
921013,1629,57508
921013,1629,50377
921013,1629,56418
921013,1629,50876
921013,1629,51374
921013,1629,58705
921013,1629,59296
921013,1629,53020
921013,1629,52014
921013,1629,47333
921013,1629,51654
921013,1629,50215
921013,1629,47000
921013,1629,50797
921013,1629,52784
921013,1629,66773
921013,1629,55963
921013,1629,56744
921013,1629,53635
921013,1629,60356
921013,1629,52124
921013,1629,49882
921013,1629,58983
921013,1629,51308
921013,1629,39034
921013,1629,52937
921013,1629,48143
921013,1629,55922
921013,1629,59408
921013,1629,51997
921013,1629,56028
921013,1629,65505
921013,1629,59952
921013,1629,55151
921013,1629,50898
921013,1629,56257
921013,1629,65092
921013,1629,60254
921013,1629,58856
921013,1629,49736
921013,1629,49699
921013,1629,64320
921013,1629,48985
921013,1629,56860
921013,1629,48265
921013,1629,46757
921013,1629,61686
921013,1629,54188
921013,1629,51922
921013,1629,58249
921013,1629,52889
921013,1629,50938
921013,1629,58714
921013,1629,54694
921013,1629,51961
921013,1629,56005
921013,1629,57133
921013,1629,57209
921013,1629,55762
921013,1629,59126
921013,1629,52911
921013,1629,53328
921013,1629,49368
921013,1629,48460
921013,1629,54499
921013,1629,55357
921013,1629,53688
921013,1629,50595
921013,1629,55850
921013,1629,49103
921013,1629,47979
921013,1629,51280
921013,1629,50366
921013,1629,54450
921013,1629,50936
921013,1629,52355
921013,1629,54084
921013,1629,52839
921013,1629,49317
921013,1629,51585
921013,1629,57894
921013,1629,48351
921013,1629,45572
921013,1629,53741
921013,1629,45496
921013,1629,51358
921013,1629,58922
921013,1629,52724
921013,1629,56034
921013,1629,61238
921013,1629,56125
921013,1629,60975
921013,1629,47807
921013,1629,56698
921013,1629,49353
921013,1629,50270
921013,1629,60009
921013,1629,45913
921013,1629,45762
921013,1629,59167
921013,1629,57029
921013,1629,51492
921013,1629,53877
921013,1629,53046
921013,1629,59657
921013,1629,42784
921013,1629,47737
921013,1629,50923
921013,1629,53676
921013,1629,58341
921013,1629,51280
921013,1629,65322
921013,1629,59204
921013,1629,52527
921013,1629,47646
921013,1629,43107
921013,1629,51386
921013,1629,56621
921013,1629,58304
921013,1629,56497
921013,1629,52977
921013,1629,54010
921013,1629,53971
921013,1629,55501
921013,1629,53693
921013,1629,53948
921013,1629,57248
921013,1629,49275
921013,1629,60539
921013,1629,60017
921013,1629,50503
921013,1629,55895
921013,1629,54256
921013,1629,47511
921013,1629,56872
921013,1629,55155
921013,1629,53795
921013,1629,47512
921013,1629,59450
921013,1629,59932
921013,1629,53167
921013,1629,50340
921013,1629,52958
921013,1629,55471
921013,1629,57406
921013,1629,54169
921013,1629,59949
921013,1629,56683
921013,1629,52825
921013,1629,59409
921013,1629,68963
921013,1629,53430
921013,1629,70821
921013,1629,57644
921013,1629,51190
921013,1629,54477
921013,1629,48723
921013,1629,45210
921013,1629,61163
921013,1629,49114
921013,1629,57231
921013,1629,62474
921013,1629,55108
921013,1629,42899
921013,1629,51703
921013,1629,54055
921013,1629,51368
921013,1629,54899
921013,1629,53043
921013,1629,53326
921013,1629,47817
921013,1629,53002
921013,1629,55774
921013,1629,60057
921013,1629,46309
921013,1629,57367
921013,1629,62604
921013,1629,59178
921013,1629,52983
921013,1629,60596
921013,1629,51576
921013,1629,60128
921013,1629,56868
921013,1629,56948
921013,1629,55883
921013,1629,50434
921013,1629,58077
921013,1629,48016
921013,1629,47930
921013,1629,55708
921013,1629,57541
921013,1629,45995
921013,1629,54998
921013,1629,54054
921013,1629,52762
921013,1629,61678
921013,1629,50946
921013,1629,59241
921013,1629,54819
921013,1629,47659
921013,1629,42327
921013,1629,53447
921013,1629,49833
921013,1629,53557
921013,1629,51026
921013,1629,42972
921013,1629,51601
921013,1629,56156
921013,1629,56752
921013,1629,59579
921013,1629,54212
921013,1629,46108
921013,1629,57303
921013,1629,54192
921013,1629,50463
921013,1629,54122
921013,1629,57537
921013,1629,51972
921013,1629,60039
921013,1629,55164
921013,1629,56064
921013,1629,58324
921013,1629,52870
921013,1629,59169
921013,1629,49770
921013,1629,55348
921013,1629,62988
921013,1629,50068
921013,1629,62171
921013,1629,62793
921013,1629,55383
921013,1629,63045
921013,1629,49042
921013,1629,57373
921013,1629,50591
921013,1629,52279
921013,1629,47238
921013,1629,53741
921013,1629,48626
921013,1629,62365
921013,1629,53852
921013,1629,57936
921013,1629,52302
921013,1629,56877
921013,1629,50458
921013,1629,56820
921013,1629,51836
921013,1629,45270
921013,1629,52323
921013,1629,57072
921013,1629,60085
921013,1629,49573
921013,1629,57590
921013,1629,63148
921013,1629,52440
921013,1629,49696
921013,1629,57874
921013,1629,47531
921013,1629,55582
921013,1629,58298
921013,1629,48761
921013,1629,51154
921013,1629,45076
921013,1629,50733
921013,1629,54995
921013,1629,53539
921013,1629,45158
921013,1629,51654
921013,1629,58121
921013,1629,51437
921013,1629,51678
921013,1629,48423
921013,1629,45693
921013,1629,50397
921013,1629,53900
921013,1629,56937
921013,1629,51168
921013,1629,59574
921013,1629,54226
921013,1629,58219
921013,1629,55837
921013,1629,50091
921013,1629,53093
921013,1629,52126
921013,1629,51828
921013,1629,50071
921013,1629,54805
921013,1629,53463
921013,1629,62438
921013,1629,53778
921013,1629,55472
921013,1629,52979
921013,1629,53710
921013,1629,47909
921013,1629,58013
921013,1629,59898
921013,1629,53786
921013,1629,49017
921013,1629,55421
921013,1629,53294
921013,1629,52609
921013,1629,46918
921013,1629,53209
921013,1629,61601
921013,1629,60271
921013,1629,54019
921013,1629,51171
921013,1629,54710
921013,1629,47381
921013,1629,51341
921013,1629,55789
921013,1629,57653
921013,1629,57460
921013,1629,58029
921013,1629,48771
921013,1629,53222
921013,1629,50221
921013,1629,47270
921013,1629,53094
921013,1629,60565
921013,1629,51559
921013,1629,59499
921013,1629,58787
921013,1629,53398
921013,1629,64126
921013,1629,42630
921013,1629,54885
921013,1629,59523
921013,1629,52941
921013,1629,59376
921013,1629,48750
921013,1629,54535
921013,1629,60802
921013,1629,53033
921013,1629,50667
921013,1629,49297
921013,1629,52304
921013,1629,53856
921013,1629,60009
921013,1629,64873
921013,1629,45876
921013,1629,64941
921013,1629,58169
921013,1629,58663
921013,1629,52134
921013,1629,62366
921013,1629,50973
921013,1629,55819
921013,1629,64127
921013,1629,50042
921013,1629,53845
921013,1629,57243
921013,1629,59487
921013,1629,46206
921013,1629,43473
921013,1629,62331
921013,1629,52989
921013,1629,48303
921013,1629,56113
921013,1629,54043
921013,1629,47880
921013,1629,56101
921013,1629,58139
921013,1629,64167
921013,1629,63897
921013,1629,43075
921013,1629,54089
921013,1629,54894
921013,1629,59739
921013,1629,55553
921013,1629,46013
921013,1629,43101
921013,1629,64456
921013,1629,49568
921013,1629,49632
921013,1629,51449
921013,1629,56925
921013,1629,50825
921013,1629,49673
921013,1629,56223
921013,1629,56176
921013,1629,54712
921013,1629,61724
921013,1629,55484
921013,1629,54950
921013,1629,59494
921013,1629,57658
921013,1629,53837
921013,1629,56845
921013,1629,61447
921013,1629,52840
921013,1629,43658
921013,1629,58094
921013,1629,62337
921013,1629,48516
921013,1629,56275
921013,1629,50550
921013,1629,53959
921013,1629,53533
921013,1629,53279
921013,1629,56472
921013,1629,60111
921013,1629,56707
921013,1629,48437
921013,1629,52333
921013,1629,64720
921013,1629,48728
921013,1629,45279
921013,1629,49893
921013,1629,51226
921013,1629,60367
921013,1629,48984
921013,1629,54848
921013,1629,55130
921013,1629,54554
921013,1629,55064
921013,1629,60393
921013,1629,59312
921013,1629,53213
921013,1629,68951
921013,1629,60510
921013,1629,57247
921013,1629,50925
921013,1629,64036
921013,1629,60878
921013,1629,49813
921013,1629,54454
921013,1629,52146
921013,1629,60914
921013,1629,43199
921013,1629,51640
921013,1629,53149
921013,1629,57029
921013,1629,55615
921013,1629,44382
921013,1629,52994
921013,1629,47196
921013,1629,56115
921013,1629,56789
921013,1629,57018
921013,1629,58752
921013,1629,48926
921013,1629,49879
921013,1629,56311
921013,1629,60229
921013,1629,49101
921013,1629,59375
921013,1629,50426
921013,1629,62313
921013,1629,54585
921013,1629,48225
921013,1629,48608
921013,1629,43980
921013,1629,52228
921013,1629,44219
921013,1629,67261
921013,1629,58695
921013,1629,64008
921013,1629,55381
921013,1629,54453
921013,1629,50525
921013,1629,50097
921013,1629,46809
921013,1629,53127
921013,1629,54885
921013,1629,46538
921013,1629,55136
921013,1629,49764
921013,1629,51013
921013,1629,53493
921013,1629,51720
921013,1629,55936
921013,1629,53598
921013,1629,53387
921013,1629,59567
921013,1629,53095
921013,1629,47789
921013,1629,48295
921013,1629,52086
921013,1629,54035
921013,1629,49202
921013,1629,48821
921013,1629,49953
921013,1629,56738
921013,1629,51233
921013,1629,50423
921013,1629,54548
921013,1629,63382
921013,1629,58665
921013,1629,53754
921013,1629,47963
921013,1629,50477
921013,1629,52093
921013,1629,51101
921013,1629,45089
921013,1629,60761
921013,1629,48618
921013,1629,55527
921013,1629,56241
921013,1629,49364
921013,1629,52461
921013,1629,61226
921013,1629,49634
921013,1629,57803
921013,1629,53225
921013,1629,55037
921013,1629,47841
921013,1629,56838
921013,1629,51406
921013,1629,61250
921013,1629,55410
921013,1629,51203
921013,1629,57297
921013,1629,59083
921013,1629,58268
921013,1629,58402
921013,1629,55291
921013,1629,59070
921013,1629,59724
921013,1629,51522
921013,1629,61574
921013,1629,60572
921013,1629,44253
921013,1629,64711
921013,1629,57539
921013,1629,66172
921013,1629,52862
921013,1629,58769
921013,1629,57920
921013,1629,47953
921013,1629,52848
921013,1629,52749
921013,1629,55997
921013,1629,50532
921013,1629,47635
921013,1629,55328
921013,1629,59210
921013,1629,46868
921013,1629,52673
921013,1629,45502
921013,1629,58230
921013,1629,58496
921013,1629,52160
921013,1629,59579
921013,1629,54190
921013,1629,53386
921013,1629,60654
921013,1629,53520
921013,1629,52768
921013,1629,58083
921013,1629,54777
921013,1629,57386
921013,1629,48791
921013,1629,57950
921013,1629,59385
921013,1629,55802
921013,1629,51302
921013,1629,53486
921013,1629,58180
921013,1629,54633
