21043568,1629,67176
19680042,1629,50858
19680042,1629,53111
19189404,1629,42387
21905085,1629,45448
13748845,1629,59126
7972537,1629,32813
21141828,1629,29983
1165930,1629,61225
8778829,1629,39561
8778829,1629,36483
8778829,1629,40029
16277776,1629,72639
9179706,1629,43205
11771167,1629,59086
9785313,1629,72957
14994947,1629,68805
2625862,1629,73096
8650490,1629,65683
22030163,1629,57222
4721742,1629,78470
16268845,1629,60493
7179430,1629,77603
4991770,1629,74104
12630915,1629,70698
2502162,1629,51614
2613693,1629,75737
2613693,1629,33082
16262070,1629,75985
2676499,1629,75526
19662386,1629,56504
12009498,1629,76513
8932405,1629,78819
14711705,1629,53729
5757856,1629,42377
22387713,1629,39045
22325315,1629,44404
1043567,1629,76134
1365827,1629,55930
1365827,1629,54486
3873088,1629,61534
11114,1629,55373
20833472,1629,45206
4052312,1629,50472
4752757,1629,75818
12933835,1629,79157
5319140,1629,42015
11228835,1629,75367
14084262,1629,53795
9141053,1629,76539
18490043,1629,74264
13409201,1629,74446
1298295,1629,78464
4240566,1629,76103
20300946,1629,67387
5562566,1629,77338
4460531,1629,52832
11927899,1629,72905
21395020,1629,40499
18057242,1629,43489
21302080,1629,63184
7257748,1629,39179
7640001,1629,66701
9179668,1629,35050
21758854,1629,78436
1474709,1629,72974
15145439,1629,61378
3762967,1629,52617
3708680,1629,66433
18759218,1629,68610
1002242,1629,68936
22493352,1629,49296
15430826,1629,31006
22125531,1629,67324
17819818,1629,49290
17950729,1629,64213
10040303,1629,54312
1504120,1629,69149
14427672,1629,53244
6003091,1629,76186
765821,1629,47862
765821,1629,48118
8019041,1629,75457
4378400,1629,47492
20808097,1629,51059
9416391,1629,44138
18395155,1629,46993
18418353,1629,44618
1736469,1629,72869
8778681,1629,74035
16565276,1629,69342
5452277,1629,48849
19862964,1629,51620
22266268,1629,62338
9253921,1629,73043
9600896,1629,76338
8175605,1629,72440
8175605,1629,70567
18295085,1629,61734
7916117,1629,44043
7916117,1629,43274
656860,1629,54022
4242,1629,71951
12223245,1629,64418
7867730,1629,52493
13101641,1629,77775
8453364,1629,59310
4592747,1629,74455
3485337,1629,71238
2522086,1629,47145
19551536,1629,74777
20871587,1629,57699
6691381,1629,55418
9777745,1629,42992
18138158,1629,73820
18331876,1629,78600
14922666,1629,77314
5669285,1629,64894
18867149,1629,50583
4976210,1629,55114
1469996,1629,78106
16672223,1629,67599
7183699,1629,72515
6511614,1629,72517
629463,1629,49786
22349274,1629,77634
7248707,1629,41874
11670166,1629,75241
12675626,1629,35763
5758481,1629,59091
6915184,1629,69477
9257936,1629,72643
17175817,1629,57369
7258542,1629,40059
16071937,1629,77083
17737249,1629,78703
7973777,1629,76437
1737111,1629,61616
18632551,1629,62831
22446808,1629,62705
14285377,1629,70998
22102175,1629,75726
18739500,1629,67600
10120177,1629,69480
1409228,1629,74002
5503314,1629,38322
6776737,1629,76493
5826673,1629,39185
5549427,1629,68337
608163,1629,65538
1851240,1629,53824
4156317,1629,78479
10545524,1629,70860
1850713,1629,40190
21685828,1629,67784
21685828,1629,66116
8414975,1629,68024
17190846,1629,72599
2074772,1629,52869
12282281,1629,72469
7692954,1629,71923
8358446,1629,74799
9359586,1629,64633
21130628,1629,77345
19285508,1629,66311
14239691,1629,44879
14239691,1629,71200
7952759,1629,48995
9486224,1629,64556
20691583,1629,58192
20691583,1629,58249
3937971,1629,34570
800953,1629,47906
5604700,1629,70175
10604636,1629,72633
1904298,1629,72573
11665944,1629,56270
5634697,1629,78456
6460256,1629,77053
3708528,1629,75092
8726806,1629,73433
14910503,1629,73176
5014365,1629,48782
5014365,1629,50279
5014365,1629,49551
5014365,1629,46979
11381039,1629,42231
12052984,1629,42331
4261066,1629,55508
10699613,1629,60146
14929322,1629,42681
9544880,1629,56040
5782334,1629,64045
5782334,1629,64252
19194444,1629,61597
7524427,1629,65491
7524427,1629,66838
18980341,1629,67845
18980341,1629,71176
11761843,1629,71191
11761843,1629,70055
11761843,1629,71856
11761843,1629,71378
5120483,1629,68433
11978217,1629,53930
11978217,1629,51199
20792268,1629,58699
22199887,1629,61625
5148175,1629,68942
8841936,1629,77496
15925462,1629,49030
10214963,1629,56428
915798,1629,64473
6213531,1629,39123
11433683,1629,75641
3056453,1629,70197
8158394,1629,67823
10973542,1629,61846
780404,1629,78983
19278939,1629,46369
1926149,1629,74928
5727270,1629,43622
4913885,1629,44477
9413783,1629,59216
19811957,1629,70339
22028459,1629,55730
16712051,1629,75192
15594328,1629,64303
3187557,1629,70355
547427,1629,62368
9349037,1629,72311
11091333,1629,66122
16949289,1629,55402
4073343,1629,68762
13816234,1629,53849
18166651,1629,71505
7647065,1629,61766
19086227,1629,72321
14945886,1629,70381
20758711,1629,71085
19434200,1629,47086
17843527,1629,61096
3505125,1629,71446
5696784,1629,75502
14275522,1629,76179
21066233,1629,78535
21947715,1629,42607
1013109,1629,47431
13947726,1629,68518
5820773,1629,77136
12318295,1629,29268
13921641,1629,72235
12838038,1629,68888
20041482,1629,42975
10247752,1629,41751
22125064,1629,65185
562662,1629,53274
10771411,1629,73189
22024752,1629,72453
8090519,1629,41538
9448633,1629,74085
14142418,1629,73641
6991595,1629,77310
14622973,1629,65579
6465911,1629,56903
12721547,1629,54750
3343569,1629,75198
18758841,1629,55124
17734091,1629,52417
16456152,1629,55917
7170153,1629,38548
20363,1629,58306
7960239,1629,77349
8925849,1629,56325
13080828,1629,74501
446763,1629,67919
14102033,1629,72620
2283106,1629,80510
19943661,1629,45600
1188398,1629,78791
120333,1629,63474
18434260,1629,72549
8223362,1629,44642
16037986,1629,48461
1455183,1629,69914
8257575,1629,77490
8257575,1629,77915
21561714,1629,68599
13582620,1629,66289
5484489,1629,70148
12463202,1629,55045
2494997,1629,40715
3462259,1629,46120
3462259,1629,59445
6577445,1629,70588
3679169,1629,72695
15165753,1629,72372
7986154,1629,80018
1616146,1629,76550
1533818,1629,60068
9498801,1629,61292
2490794,1629,73978
15488563,1629,64529
5717148,1629,76264
21227980,1629,77073
7246146,1629,60275
11460551,1629,51879
9140861,1629,81595
16475781,1629,57415
9420705,1629,36675
14362453,1629,36635
10068111,1629,77713
695679,1629,42922
2772487,1629,63737
11341413,1629,56097
3231944,1629,78260
2925552,1629,67297
529443,1629,71314
14291148,1629,66083
15353798,1629,61082
12975158,1629,76849
15684105,1629,53597
21936515,1629,73695
5454080,1629,63460
2201935,1629,76479
8318200,1629,75691
8972872,1629,32669
1270324,1629,70301
8806421,1629,48085
20360019,1629,63810
5236937,1629,77380
342945,1629,66345
3817063,1629,77973
10198679,1629,77624
10198679,1629,66799
3921523,1629,51434
3588021,1629,66381
21366167,1629,51114
4484317,1629,74367
9453137,1629,49571
6295211,1629,32255
2417927,1629,51343
17495866,1629,72253
19900032,1629,39171
14469508,1629,77957
3782181,1629,69798
6503157,1629,48811
11062497,1629,71817
5501039,1629,56513
18542837,1629,65315
2475056,1629,75196
2475056,1629,72807
2092941,1629,69373
11339050,1629,73603
5302357,1629,54260
7204392,1629,64184
1639965,1629,73327
1639965,1629,75566
18690710,1629,73185
6443792,1629,68464
7934061,1629,71643
1185558,1629,76988
16270422,1629,51895
9182649,1629,69673
1373688,1629,74092
20815274,1629,73799
19622521,1629,65109
2491539,1629,42687
19852705,1629,58083
521970,1629,41825
521970,1629,60140
17592127,1629,73547
9489093,1629,63071
12836784,1629,50799
20475346,1629,67759
21353618,1629,72516
21353618,1629,75184
21639826,1629,35312
10454997,1629,43834
4401544,1629,51718
10201803,1629,29646
18973309,1629,55950
14431534,1629,39496
22521493,1629,64421
21352910,1629,74514
9198324,1629,72192
19745772,1629,78612
4393496,1629,39026
13164546,1629,66548
8462157,1629,59614
17885951,1629,61247
20533192,1629,70120
12391962,1629,69827
12391962,1629,70848
12309284,1629,75552
21770719,1629,55593
15003837,1629,68438
9044557,1629,77692
9384175,1629,58445
431505,1629,66971
20036246,1629,73586
12950931,1629,41453
20257826,1629,66692
16095037,1629,68953
1550801,1629,44722
19727754,1629,57467
11173728,1629,45661
15664829,1629,68015
16931053,1629,75677
1575357,1629,44219
16847094,1629,72889
7436483,1629,48079
13891906,1629,67823
4131966,1629,36883
10045238,1629,59000
14002753,1629,42457
14722553,1629,78182
6660168,1629,74099
10971372,1629,47626
15225924,1629,69072
21131154,1629,47165
21131154,1629,47105
4665741,1629,74889
18449508,1629,41728
17909600,1629,45726
10755143,1629,75894
10755143,1629,74135
6459209,1629,69175
18025697,1629,51950
18916119,1629,51065
21951807,1629,73926
13765921,1629,58854
12747465,1629,73744
11484233,1629,39654
660037,1629,68956
4995311,1629,41459
4346272,1629,49555
4346272,1629,50093
2460613,1629,40881
2460613,1629,43145
12774143,1629,71831
12928881,1629,73182
7319064,1629,52307
21651625,1629,37006
13304096,1629,35279
16841415,1629,66109
16841415,1629,71926
21629710,1629,72552
15929835,1629,46842
1186124,1629,77737
7459805,1629,72273
17413956,1629,58515
17413956,1629,57628
3755458,1629,46476
14352923,1629,63516
1092938,1629,72591
9592599,1629,71926
2082512,1629,63323
19804928,1629,65432
8378419,1629,72942
3552360,1629,32996
16704449,1629,37079
11327776,1629,65709
20834195,1629,53251
1362573,1629,45849
1362573,1629,75135
3050109,1629,71335
4668737,1629,58786
15926219,1629,70580
2334080,1629,64788
2065291,1629,64308
20897429,1629,69179
2359494,1629,72715
1428159,1629,39734
5300544,1629,70121
2578173,1629,63674
11302797,1629,51242
16170668,1629,33899
20032992,1629,78991
19703695,1629,65043
10194545,1629,68337
3801395,1629,69103
6778961,1629,68670
19425241,1629,48757
13972189,1629,73613
2680241,1629,79033
20733912,1629,40903
10705292,1629,53198
5654551,1629,72278
19265001,1629,71250
19191101,1629,46116
22150592,1629,71150
6602281,1629,64478
14397634,1629,52684
16228673,1629,69216
22000057,1629,56916
9254459,1629,74359
21398307,1629,69428
15338500,1629,59223
21458318,1629,48082
653461,1629,76008
10044071,1629,72750
12333780,1629,73970
10363378,1629,60897
83367,1629,40067
11303462,1629,52020
15598159,1629,29368
22427276,1629,52098
5797743,1629,73893
14320918,1629,63013
12591712,1629,65624
8083440,1629,49695
15468367,1629,74695
8315130,1629,78140
8924587,1629,63732
7793187,1629,30858
13814191,1629,70381
4806478,1629,69227
11692264,1629,70896
20739805,1629,74765
20449312,1629,77120
4838573,1629,78594
20125025,1629,69358
4901684,1629,70153
8920468,1629,78464
20798352,1629,65579
20777490,1629,39862
19701753,1629,76271
19701753,1629,72539
5133919,1629,72238
948387,1629,57621
18385386,1629,70716
19259510,1629,41774
21825904,1629,76483
5160976,1629,60724
2181313,1629,57252
7119631,1629,64850
2102939,1629,69446
18587744,1629,34500
10316607,1629,47605
10432298,1629,48886
11141937,1629,66921
18641866,1629,45305
125640,1629,74792
15912604,1629,64639
21453737,1629,78010
5695366,1629,57249
4582395,1629,39787
4582395,1629,37769
4864265,1629,64640
21451671,1629,68646
16198859,1629,61626
11707895,1629,49334
6708177,1629,54643
17194193,1629,41973
10931040,1629,53541
18628192,1629,62859
2287875,1629,67476
18580212,1629,72607
18580212,1629,73537
14783039,1629,70661
16054918,1629,70995
7801499,1629,68460
17561006,1629,39437
11373326,1629,75404
21692355,1629,56509
21692355,1629,54120
9641343,1629,62173
6819118,1629,72455
1372936,1629,72690
13050300,1629,45817
12668269,1629,73490
19172502,1629,69450
13086698,1629,75539
12669012,1629,66496
8475122,1629,48532
15789643,1629,44014
11387292,1629,52081
4428203,1629,36264
4428203,1629,50089
538757,1629,38946
13349766,1629,72626
19364560,1629,71427
18037749,1629,43575
18655241,1629,70952
3606721,1629,42443
10759684,1629,48818
15958830,1629,77169
12181461,1629,52880
21498330,1629,57974
10519904,1629,40494
17520160,1629,40132
4347521,1629,54009
2865724,1629,44494
13442814,1629,59915
12592893,1629,61027
17643790,1629,47508
13815461,1629,67733
1066607,1629,67645
13680953,1629,65381
8249070,1629,74371
1203339,1629,73557
1052685,1629,58082
1052685,1629,59543
1052685,1629,57975
150591,1629,40981
14629133,1629,41959
4500908,1629,28902
1646283,1629,53597
20322135,1629,58157
20676654,1629,69406
10312407,1629,37061
505067,1629,70675
22576932,1629,75582
19926001,1629,77521
17592344,1629,73991
19011696,1629,47149
15965307,1629,45919
18598048,1629,72353
790432,1629,74221
12445678,1629,63864
2404698,1629,65738
2404698,1629,61534
3620371,1629,82068
3620371,1629,51634
5784604,1629,68812
8907831,1629,34987
20830230,1629,64828
3247201,1629,57828
10865093,1629,51135
10865093,1629,48869
7731357,1629,74204
17480359,1629,69586
9035830,1629,50344
13805537,1629,78905
8083404,1629,72380
14411786,1629,63114
14411786,1629,63128
17890606,1629,40987
18548476,1629,75038
15047215,1629,73748
10949133,1629,72280
13051599,1629,78126
15577720,1629,55377
16568064,1629,52696
21521329,1629,47048
20019169,1629,74955
10311373,1629,72936
2335378,1629,42487
11870486,1629,65362
17396710,1629,47767
2923549,1629,70807
15096669,1629,70904
15096669,1629,70447
1521101,1629,70860
17135476,1629,67030
12633189,1629,62350
11399173,1629,73702
10662710,1629,66638
10662710,1629,67567
10662710,1629,66904
16507391,1629,60154
18988327,1629,63989
11947489,1629,36204
15093370,1629,42378
15635168,1629,57497
19303054,1629,68214
556065,1629,46938
20158563,1629,74908
12970038,1629,55513
15235304,1629,73795
613982,1629,45145
10259518,1629,73412
10259518,1629,74101
19263399,1629,64741
11345809,1629,58994
11345809,1629,58477
19803804,1629,72972
8729899,1629,71627
16469208,1629,49029
16469208,1629,48482
21050757,1629,64260
18188617,1629,33930
257553,1629,79101
257553,1629,79093
12023,1629,58958
542614,1629,78877
16014153,1629,59673
17475813,1629,58200
9666225,1629,76186
17710965,1629,33921
1137033,1629,59072
14291455,1629,73482
10098649,1629,38286
13363846,1629,76762
13363846,1629,75954
18096096,1629,75750
20147415,1629,62127
15653491,1629,58134
13777688,1629,31089
49012,1629,75134
8719429,1629,42610
18884424,1629,71193
18387358,1629,46429
7265575,1629,70924
7265575,1629,67109
7436044,1629,43393
9965748,1629,46434
11228803,1629,65282
299173,1629,73562
4803657,1629,47589
16550900,1629,62495
16550900,1629,62494
11308311,1629,38628
3768662,1629,77702
1697560,1629,74185
19976780,1629,76620
567166,1629,66268
16902537,1629,67098
10060128,1629,55283
14188340,1629,55371
11540114,1629,71992
3296945,1629,53819
448333,1629,69592
14803514,1629,73585
12085287,1629,54509
21922963,1629,79105
3820901,1629,73522
444423,1629,74389
18350118,1629,77925
18350118,1629,75017
14975325,1629,33538
1358084,1629,75899
2805815,1629,49799
20138031,1629,60342
15881733,1629,40560
11264911,1629,73113
21167565,1629,58765
1388304,1629,58164
20228836,1629,72643
13047788,1629,59490
3081784,1629,67215
4229546,1629,41656
6069190,1629,36560
18479319,1629,63938
10963567,1629,47322
1527394,1629,77408
4514524,1629,73850
22577849,1629,74955
6179049,1629,54337
8658120,1629,62122
2264233,1629,57263
8983609,1629,46233
20700071,1629,46219
19658419,1629,70579
1506894,1629,47232
1506894,1629,48781
14620861,1629,78569
19320916,1629,74764
20099434,1629,42401
14080863,1629,75747
5612686,1629,29996
1405913,1629,52550
13336988,1629,51736
1316254,1629,61898
5854315,1629,75707
7000899,1629,70316
14302848,1629,52977
6133331,1629,69245
13109615,1629,62300
13109615,1629,62573
17035468,1629,62721
2023477,1629,61621
5816530,1629,75057
18283705,1629,55456
20989095,1629,61096
21595208,1629,62781
6604319,1629,73168
910675,1629,66021
7235917,1629,60298
16929180,1629,73280
7583577,1629,67278
1418940,1629,68505
9789312,1629,72698
17182633,1629,65475
17182633,1629,66459
19561414,1629,70922
16745298,1629,73132
21134796,1629,47518
11438669,1629,50800
5600959,1629,45032
19181713,1629,66597
21092792,1629,70619
653906,1629,68930
14299449,1629,73723
1143447,1629,41609
4303475,1629,78285
18843946,1629,44607
15918160,1629,75629
4960885,1629,59048
20741750,1629,78226
8032638,1629,69656
9755221,1629,35244
16922569,1629,77845
12038192,1629,59254
10829684,1629,75509
16808850,1629,70136
6093397,1629,54638
8193319,1629,73116
5315916,1629,66767
14647004,1629,72996
15294029,1629,54454
15232978,1629,75310
5737277,1629,71552
21208330,1629,75494
18941930,1629,78784
18751167,1629,52085
6684828,1629,46345
17942578,1629,72247
2958496,1629,77934
16939414,1629,75057
17019487,1629,72290
2566082,1629,67243
12962678,1629,68782
11573948,1629,73622
11697560,1629,79156
790982,1629,38349
16397302,1629,77776
1221264,1629,56334
16821782,1629,75275
653179,1629,51901
4391551,1629,40470
179754,1629,60459
9349291,1629,75679
12584648,1629,78166
6112306,1629,78543
16567056,1629,48865
780227,1629,49352
14915235,1629,71533
4761444,1629,75636
6875222,1629,44912
10932572,1629,49120
19646891,1629,55964
11076565,1629,35170
16201916,1629,51370
16201916,1629,52104
17408625,1629,74998
15418066,1629,63010
12205668,1629,74102
21681457,1629,68865
22425672,1629,71582
8311758,1629,64638
16522006,1629,74276
16042212,1629,72219
5190090,1629,73140
5190090,1629,75051
9342279,1629,49810
19493720,1629,43288
11791244,1629,59582
21215996,1629,75593
18370421,1629,54165
12198589,1629,36932
16420891,1629,44086
19369449,1629,40957
19609923,1629,43778
17690952,1629,77300
1488067,1629,53337
1488067,1629,47313
3537689,1629,59635
22521750,1629,67846
17292118,1629,63649
1821914,1629,65231
12861988,1629,71104
18013640,1629,32661
7971713,1629,78703
6233983,1629,63028
9572746,1629,66108
2575271,1629,49940
2575271,1629,44591
6919495,1629,64212
18325688,1629,43422
9869361,1629,78474
10931495,1629,73223
10931495,1629,75390
2018868,1629,60943
1880998,1629,57271
20874326,1629,73737
6625968,1629,73239
15590250,1629,62283
17698764,1629,74624
20198073,1629,58103
21425109,1629,70034
21425109,1629,73839
14821426,1629,76059
5111655,1629,70229
22237879,1629,47611
22247559,1629,75783
18068625,1629,53023
10871863,1629,70256
11531759,1629,74647
19779097,1629,71181
15550038,1629,60453
1333451,1629,60769
18581335,1629,70277
14568856,1629,71054
16961489,1629,78005
8619120,1629,51954
12361012,1629,79113
5316695,1629,63685
5417692,1629,47973
18067632,1629,64405
18067632,1629,63813
12481694,1629,77057
18042876,1629,68965
4522556,1629,72948
8401700,1629,70745
22192090,1629,67644
17770936,1629,77692
8144360,1629,70533
2771016,1629,72741
11494783,1629,59890
11494783,1629,78537
11325595,1629,63024
7687445,1629,41950
14729357,1629,49786
21758046,1629,39079
3712029,1629,62197
14051086,1629,55254
20047401,1629,44220
1616488,1629,47093
14010262,1629,73754
13062619,1629,72260
15816498,1629,43686
9095666,1629,75145
15433905,1629,68401
19857999,1629,52080
556608,1629,64527
10402995,1629,50370
13098236,1629,63145
432030,1629,75320
20829406,1629,72717
20829406,1629,78287
8173892,1629,36385
8173892,1629,39905
10077239,1629,78234
22343317,1629,70219
5047879,1629,51829
18325025,1629,62466
15322279,1629,66299
4878371,1629,48173
4462325,1629,59244
4462325,1629,57152
4462325,1629,58810
561481,1629,66249
2374050,1629,74596
17302007,1629,72093
3403680,1629,58830
3403680,1629,61029
2597078,1629,29184
8434749,1629,69588
8000006,1629,52448
8000006,1629,51098
18862407,1629,71506
18087163,1629,57634
8557464,1629,57440
16795076,1629,76497
2416091,1629,50903
14004419,1629,66289
16229536,1629,76507
17191006,1629,70295
12896293,1629,72604
12896293,1629,58198
762569,1629,68563
21176218,1629,68185
5196420,1629,66705
5196420,1629,71055
15106021,1629,48225
11617585,1629,42822
8411610,1629,76861
2564818,1629,50183
8503806,1629,70660
93860,1629,75232
12575005,1629,72637
12575005,1629,53673
191857,1629,61021
4789534,1629,74540
22098306,1629,41757
7186888,1629,42817
7186888,1629,63947
3967655,1629,50100
14578621,1629,61781
5782254,1629,53400
20295379,1629,72280
19730163,1629,74757
16425938,1629,52819
16047157,1629,74511
1139740,1629,36323
4335265,1629,57241
9772033,1629,77056
7407754,1629,70826
2910871,1629,40293
5063991,1629,78664
20280927,1629,68658
18526145,1629,64566
874474,1629,70207
865309,1629,71095
7551465,1629,77479
1150021,1629,39639
10162929,1629,69005
3270866,1629,63003
14276309,1629,72609
7725950,1629,33154
11666720,1629,73696
18910876,1629,67337
1437636,1629,55471
6229096,1629,40101
214335,1629,68662
214335,1629,71561
10152567,1629,43586
8802327,1629,42115
8802327,1629,41854
12499646,1629,72394
12499646,1629,68838
14369238,1629,78301
14844636,1629,62527
2705178,1629,72468
2705178,1629,74556
20778895,1629,42429
12185414,1629,66699
20012305,1629,74787
2863144,1629,60223
21571827,1629,51988
6352797,1629,61376
16709302,1629,52988
18349488,1629,70892
7656095,1629,66178
15902618,1629,46911
15082061,1629,71788
17595826,1629,71697
15979863,1629,75788
17230275,1629,49922
20154209,1629,40593
5972441,1629,67018
5972441,1629,60101
17611296,1629,57989
13368251,1629,73894
20378323,1629,63809
21391034,1629,71286
6519910,1629,76474
9605622,1629,63215
9744593,1629,61134
994768,1629,66188
5606843,1629,62737
5606843,1629,59489
22167739,1629,72327
986158,1629,67941
2774035,1629,50706
6769605,1629,74271
22144532,1629,74765
22144532,1629,66739
10513272,1629,74047
7435314,1629,76016
7435314,1629,49031
7435314,1629,51823
1436972,1629,32977
2224890,1629,70323
495637,1629,76443
14331734,1629,61012
12679158,1629,59969
13467095,1629,77007
19617426,1629,29360
19269770,1629,52059
4274976,1629,69304
17753455,1629,61051
14973694,1629,35603
17436903,1629,53575
22488700,1629,76614
16052266,1629,72344
17700179,1629,73770
11313758,1629,53436
22559749,1629,66246
13719744,1629,79351
20110206,1629,38433
13477665,1629,72523
14702836,1629,37541
13105424,1629,37517
10392430,1629,62590
10569861,1629,61148
2459953,1629,60346
6655889,1629,57149
10706402,1629,75280
557639,1629,69591
15173740,1629,51144
20832089,1629,75106
2850963,1629,56487
5353635,1629,72001
16856053,1629,76584
17634189,1629,75911
4547199,1629,67878
11744290,1629,65664
11690985,1629,78893
7761077,1629,77936
7761077,1629,61979
3674336,1629,78077
11585869,1629,53832
22119294,1629,50846
10877753,1629,48901
21670630,1629,64863
15794477,1629,70652
5429810,1629,75226
5037446,1629,65093
19293689,1629,71139
2156036,1629,70577
7380431,1629,71636
7341668,1629,64240
6203129,1629,52703
753088,1629,53571
15724246,1629,47690
12054461,1629,68420
13574497,1629,30526
12359310,1629,57072
9324083,1629,66008
16789542,1629,48346
5737339,1629,69049
2176604,1629,71386
2176604,1629,64881
13739168,1629,35050
19954487,1629,48283
13896576,1629,74646
17703002,1629,73554
6359919,1629,43464
14064987,1629,65139
22482105,1629,61849
15164881,1629,51866
20424502,1629,70082
11663495,1629,63886
10555685,1629,61830
14662794,1629,77033
22536161,1629,49361
22536161,1629,49168
21355032,1629,55802
22416440,1629,42284
13011042,1629,29839
15191669,1629,45508
8527534,1629,50574
10262421,1629,76777
19516121,1629,69723
6711143,1629,72474
8118153,1629,59558
3769021,1629,44287
3769021,1629,43222
17177592,1629,62303
20540858,1629,53555
20791485,1629,30142
14414282,1629,66245
9357722,1629,72536
5228558,1629,72215
14862837,1629,41405
4595138,1629,48656
4595138,1629,44560
12861001,1629,60304
14206509,1629,55978
20207577,1629,66942
20207577,1629,72218
8569936,1629,69826
7439540,1629,62193
4243949,1629,48517
13550351,1629,68840
12151360,1629,34963
12151360,1629,33893
20106169,1629,68597
22300839,1629,48475
7644435,1629,51586
20703090,1629,70664
22586990,1629,55033
22586990,1629,56912
18517424,1629,48452
12053902,1629,49754
3063411,1629,58313
3716460,1629,67477
3716460,1629,43345
21825958,1629,76985
13534850,1629,31610
19650517,1629,51883
19650517,1629,51573
198547,1629,78279
7351644,1629,76541
4655730,1629,58260
11545362,1629,69214
1882090,1629,71533
22117614,1629,44935
22117614,1629,46443
12771049,1629,53464
9781236,1629,66388
21890968,1629,64260
20743441,1629,47683
2835128,1629,65573
13466630,1629,73448
2323277,1629,68662
16415615,1629,75747
9683326,1629,74973
4348006,1629,57937
22501851,1629,64177
11018662,1629,74046
1669046,1629,64244
21761035,1629,64854
1487487,1629,71974
21761035,1629,70502
7197074,1629,51179
12248393,1629,55561
16354216,1629,57879
15592890,1629,61339
10404907,1629,38405
7442390,1629,73253
11531537,1629,76515
5905659,1629,54828
586496,1629,59600
6832644,1629,44976
17061633,1629,69095
11951962,1629,58170
20925212,1629,66642
2114008,1629,67766
11563213,1629,46772
531759,1629,73472
531759,1629,74449
531759,1629,74231
6602137,1629,66752
2275846,1629,38440
12314858,1629,59623
19570588,1629,77300
462340,1629,45454
269077,1629,57334
15871921,1629,45620
7358608,1629,37810
1614068,1629,66280
19139706,1629,61521
18425277,1629,51343
14588355,1629,73788
14925098,1629,74585
19382400,1629,63577
22251936,1629,41816
7050447,1629,60733
12358765,1629,41045
20141213,1629,70475
20141213,1629,68723
11026624,1629,54412
20188188,1629,42276
224757,1629,40512
20892893,1629,61267
20755401,1629,37340
17453529,1629,72271
5036508,1629,67751
21603863,1629,43064
4314934,1629,53798
19801188,1629,73697
7992007,1629,51380
15555867,1629,48194
5275406,1629,67517
17388073,1629,58270
17388073,1629,62795
9700043,1629,67639
16464714,1629,61793
7879872,1629,73051
4160646,1629,78073
13605901,1629,45152
13605901,1629,69143
7839522,1629,62891
8742768,1629,70562
8742768,1629,73819
3116942,1629,55691
376690,1629,72986
9326043,1629,74661
13117843,1629,67086
20218678,1629,60007
7740275,1629,73980
15992360,1629,48664
1667194,1629,40794
16983903,1629,55359
1072130,1629,70019
4078342,1629,75707
6143468,1629,68273
21062722,1629,46830
4654848,1629,58256
16855067,1629,70335
4027934,1629,44968
19195941,1629,65244
14749636,1629,77212
20082635,1629,52936
20681825,1629,78867
18466757,1629,45260
12732340,1629,54409
18749672,1629,76797
19221091,1629,69725
22412568,1629,42041
10548186,1629,74558
18834905,1629,65730
8505803,1629,77104
21762061,1629,49575
44837,1629,63754
19317651,1629,75101
9691270,1629,42714
21554573,1629,32418
1017807,1629,30198
10883119,1629,65589
3839826,1629,69748
5111450,1629,74637
10469057,1629,69038
10222733,1629,70941
2314497,1629,63524
3816175,1629,80807
4804008,1629,60432
8850416,1629,70279
8850416,1629,69116
18053233,1629,46906
18674114,1629,56377
451885,1629,74297
14767874,1629,36021
22281985,1629,53987
6762393,1629,73006
8725321,1629,69863
8725321,1629,71628
8725321,1629,70512
1928768,1629,63987
11518798,1629,68922
1746334,1629,70409
13585161,1629,56890
2695923,1629,69712
17850772,1629,64422
17850772,1629,72339
17850772,1629,67327
5897583,1629,38922
12954242,1629,67487
409981,1629,48412
17744564,1629,43510
13598337,1629,58457
19917646,1629,36464
2177398,1629,57163
21472206,1629,76733
21472206,1629,72638
3859673,1629,69425
688143,1629,72333
13170648,1629,42134
2050580,1629,59774
13182180,1629,43495
13182180,1629,69161
11895704,1629,72494
7926329,1629,76334
9052826,1629,78278
3851603,1629,71043
1818056,1629,56382
13931940,1629,35649
21546254,1629,56324
4817240,1629,48432
16252108,1629,66393
10158608,1629,64959
13319641,1629,42935
13319641,1629,58701
3509372,1629,62078
13976598,1629,40060
18885937,1629,36629
5075716,1629,57660
10477558,1629,64698
22189994,1629,75193
13440168,1629,48004
5183008,1629,61187
5183008,1629,58300
6634683,1629,63358
8314616,1629,32936
3457559,1629,38213
22619857,1629,43685
16224064,1629,34877
16224064,1629,30615
9666201,1629,68508
18459014,1629,77186
11061994,1629,47692
9666201,1629,71878
3888561,1629,40438
8022156,1629,53114
17613412,1629,32610
10070064,1629,69055
5700987,1629,76534
17213078,1629,42073
21656687,1629,59842
10211118,1629,78285
2068192,1629,63960
3517879,1629,53074
2840704,1629,73254
4111215,1629,71288
12354490,1629,68723
14190485,1629,64363
9897565,1629,75378
1301346,1629,54710
2334790,1629,54575
19634719,1629,76486
3985374,1629,74614
22192217,1629,72569
11852112,1629,42111
21494864,1629,64897
6450141,1629,58519
8291891,1629,74567
3272732,1629,44797
19083132,1629,78435
6179971,1629,67414
20128639,1629,45458
4027574,1629,75188
18783152,1629,66944
1589007,1629,77244
6854298,1629,78099
6854298,1629,76275
6764597,1629,43637
9471650,1629,71130
21774710,1629,29862
19253859,1629,39940
118387,1629,74494
17765563,1629,78447
15823673,1629,61892
6447308,1629,60561
7731409,1629,78460
4427413,1629,76804
15789886,1629,46858
15789886,1629,43581
4480941,1629,56924
21291565,1629,73448
18099380,1629,42013
13183652,1629,71353
7097594,1629,77413
17969977,1629,59047
8085646,1629,74178
19766126,1629,76566
19766126,1629,75229
16647587,1629,67531
15154880,1629,50135
12625355,1629,59220
6895491,1629,74936
2201336,1629,51201
13018359,1629,72488
12575782,1629,30762
5769130,1629,62252
3236914,1629,79063
19182288,1629,73124
2149221,1629,76650
8724293,1629,25755
994883,1629,71927
16848386,1629,37699
20669881,1629,32194
5145333,1629,56187
10488791,1629,55553
17259224,1629,70911
13788862,1629,69349
4512959,1629,54292
4512959,1629,45527
8788629,1629,69622
7782566,1629,37936
10192687,1629,75033
18096631,1629,71011
15469105,1629,74260
19813015,1629,66775
1851569,1629,36691
10245307,1629,76535
19807808,1629,69287
6129319,1629,48886
8441480,1629,48848
10545206,1629,59105
14262943,1629,62260
20346534,1629,38501
1330716,1629,79022
17355201,1629,70885
1262163,1629,57115
21160886,1629,73826
9732035,1629,58199
4620298,1629,63002
1547456,1629,73761
1026407,1629,76507
19951767,1629,75788
5005322,1629,26382
8382780,1629,66494
4417291,1629,49234
7408722,1629,71256
151324,1629,74888
4877224,1629,68723
6963772,1629,76055
11155738,1629,68721
636479,1629,39503
1070741,1629,60470
1070741,1629,59315
15696321,1629,77008
17555865,1629,78645
8478367,1629,50415
7910453,1629,50792
3389870,1629,76287
11929617,1629,69722
21857701,1629,59993
14380678,1629,37446
1188594,1629,68585
19748821,1629,71725
9327749,1629,69675
15806334,1629,60497
7146561,1629,60104
2764914,1629,64588
1149309,1629,31350
1725008,1629,71266
13627512,1629,40874
20728228,1629,59190
10825256,1629,48132
20753826,1629,71839
12019957,1629,51718
12988329,1629,52128
3282186,1629,72955
5339807,1629,52848
13048588,1629,40679
22075344,1629,39201
12445600,1629,68843
7684262,1629,69105
426316,1629,57781
7377692,1629,39843
20456843,1629,61410
9049160,1629,54766
13508762,1629,46299
21456342,1629,40283
6963889,1629,45823
19570402,1629,78545
5199804,1629,41282
12462652,1629,44469
593662,1629,54851
3578136,1629,70134
20719844,1629,60009
8915943,1629,63893
8915943,1629,70679
11183658,1629,71480
5979661,1629,65326
4783563,1629,37124
7336488,1629,70489
16941094,1629,55292
19927638,1629,67325
15034560,1629,76571
21676243,1629,64669
9879609,1629,46680
19204142,1629,71870
19976339,1629,63732
1591056,1629,54720
13049729,1629,68391
339599,1629,56346
7827129,1629,74553
277612,1629,45299
994933,1629,73405
994933,1629,72951
8986004,1629,62380
13143105,1629,71994
20697079,1629,74488
5540160,1629,66213
13765354,1629,65702
15247148,1629,74452
6045102,1629,54159
5939768,1629,65407
11257145,1629,71343
2054706,1629,45410
19947005,1629,34777
2740207,1629,68651
2144929,1629,66273
13019971,1629,74019
3608735,1629,31476
15619336,1629,68640
825277,1629,61118
825277,1629,60881
18026395,1629,71397
18006613,1629,73719
15238970,1629,54323
14991709,1629,74209
18810492,1629,58200
10040979,1629,47588
19906872,1629,66354
18560081,1629,50795
19054642,1629,63594
9159786,1629,79064
15420920,1629,68710
8719271,1629,67021
8719271,1629,67454
13405144,1629,73098
16813912,1629,78864
14075396,1629,75019
11439540,1629,69039
11004774,1629,76836
2193903,1629,63703
21721414,1629,52831
21471965,1629,67578
22381729,1629,40584
4226435,1629,65218
8024181,1629,69239
12762449,1629,75419
16477991,1629,74026
15805891,1629,78420
17444104,1629,65074
9259767,1629,58215
1834634,1629,78169
19705521,1629,60931
3735609,1629,77531
5562254,1629,61208
17094185,1629,69225
21664590,1629,76863
18747819,1629,57891
9156211,1629,62176
11054480,1629,75694
8049524,1629,67026
17884382,1629,78119
13392048,1629,66157
16498164,1629,36644
6249724,1629,58354
2679718,1629,71393
16945235,1629,73497
9522530,1629,44785
9522530,1629,45663
5530198,1629,79074
2740321,1629,38206
19703486,1629,32634
2714719,1629,64278
14123045,1629,56717
10344888,1629,63622
15264912,1629,73481
17978477,1629,42048
13194671,1629,67087
1148656,1629,50924
22279905,1629,43697
8408496,1629,57816
11488390,1629,43915
20995718,1629,58552
1913591,1629,73006
3682700,1629,56398
13498386,1629,55872
4873230,1629,66290
4546148,1629,52874
8949786,1629,64544
4759090,1629,57465
19782252,1629,44293
12408437,1629,46864
4221618,1629,39867
10423821,1629,47459
7420408,1629,36737
13266487,1629,41899
19057636,1629,69941
15480347,1629,76402
20146329,1629,78398
19141574,1629,55375
19840798,1629,78379
18869153,1629,75597
8738259,1629,37328
22154569,1629,47452
9928915,1629,53872
12903660,1629,78088
2524787,1629,42910
3484323,1629,65806
2522045,1629,66959
2406543,1629,72918
18672150,1629,68395
11252741,1629,74216
17610724,1629,74694
21661394,1629,29367
19459011,1629,49699
5366242,1629,65472
9612814,1629,61509
4631704,1629,71825
7446210,1629,47993
18360173,1629,66389
4238321,1629,75202
6938299,1629,63193
9405911,1629,57260
12493931,1629,69537
6625336,1629,69137
21908758,1629,70461
7202395,1629,63177
19399958,1629,54518
8589115,1629,54147
18048670,1629,37311
2767451,1629,66678
2767451,1629,66681
6849411,1629,78345
593311,1629,68594
593311,1629,71621
6968637,1629,34927
13103751,1629,70625
6437604,1629,78511
13455354,1629,58307
21353424,1629,72594
21353424,1629,62212
18631943,1629,66208
8040165,1629,34181
14239386,1629,55904
13818651,1629,53398
10090100,1629,47458
14989218,1629,61527
10244946,1629,60797
13463354,1629,72140
15967251,1629,60657
15967251,1629,61672
21315757,1629,65261
2310667,1629,72603
2310667,1629,76542
2168488,1629,78831
2533495,1629,50272
12135758,1629,74786
16815377,1629,46740
18113078,1629,45237
14281493,1629,69415
3624989,1629,76550
6127646,1629,71700
11733499,1629,79517
2820895,1629,38222
986046,1629,64389
1182159,1629,74507
921013,1629,54752
921013,1629,54734
921013,1629,57486
921013,1629,52598
921013,1629,61514
921013,1629,66352
921013,1629,46969
921013,1629,61939
921013,1629,56162
921013,1629,57989
921013,1629,59420
921013,1629,65028
921013,1629,51655
921013,1629,60382
921013,1629,59060
921013,1629,51110
921013,1629,59963
921013,1629,58194
921013,1629,54294
921013,1629,57052
921013,1629,58600
921013,1629,48222
921013,1629,55620
921013,1629,63196
921013,1629,57535
921013,1629,58909
921013,1629,63537
921013,1629,57891
921013,1629,57475
921013,1629,42713
921013,1629,52763
921013,1629,62511
921013,1629,53202
921013,1629,61024
921013,1629,48166
921013,1629,51166
921013,1629,62019
921013,1629,63781
921013,1629,63111
921013,1629,59743
921013,1629,54394
921013,1629,56955
921013,1629,55504
921013,1629,54594
921013,1629,64924
921013,1629,57809
921013,1629,57967
921013,1629,67648
921013,1629,59468
921013,1629,48180
921013,1629,59610
921013,1629,59270
921013,1629,64295
921013,1629,62795
921013,1629,61170
921013,1629,57592
921013,1629,57505
921013,1629,58081
921013,1629,55649
921013,1629,52193
921013,1629,61604
921013,1629,59831
921013,1629,55798
921013,1629,62672
921013,1629,58691
921013,1629,67873
921013,1629,54596
921013,1629,56526
921013,1629,64093
921013,1629,60841
921013,1629,66867
921013,1629,51652
921013,1629,60226
921013,1629,56210
921013,1629,57702
921013,1629,48431
921013,1629,57011
921013,1629,61360
921013,1629,51043
921013,1629,56064
921013,1629,61344
921013,1629,61844
921013,1629,58996
921013,1629,55527
921013,1629,50106
921013,1629,66741
921013,1629,51664
921013,1629,61261
921013,1629,58698
921013,1629,59862
921013,1629,57166
921013,1629,61012
921013,1629,63253
921013,1629,58391
921013,1629,53322
921013,1629,55376
921013,1629,65358
921013,1629,52915
921013,1629,56762
921013,1629,70485
921013,1629,55796
921013,1629,61062
921013,1629,63056
921013,1629,53586
921013,1629,56795
921013,1629,52702
921013,1629,56985
921013,1629,62935
921013,1629,63250
921013,1629,57956
921013,1629,54876
921013,1629,66141
921013,1629,69597
921013,1629,55592
921013,1629,55670
921013,1629,61262
921013,1629,56376
921013,1629,59723
921013,1629,58449
921013,1629,56694
921013,1629,58276
921013,1629,53907
921013,1629,53354
921013,1629,50198
921013,1629,66148
921013,1629,62957
921013,1629,57042
921013,1629,47163
921013,1629,56438
921013,1629,46124
921013,1629,62333
921013,1629,53866
921013,1629,57358
921013,1629,66535
921013,1629,53423
921013,1629,56762
921013,1629,60604
921013,1629,62911
921013,1629,45591
921013,1629,50448
921013,1629,61601
921013,1629,60796
921013,1629,53726
921013,1629,62331
921013,1629,59635
921013,1629,61595
921013,1629,61042
921013,1629,62448
921013,1629,53127
921013,1629,56722
921013,1629,55941
921013,1629,57213
921013,1629,53837
921013,1629,60070
921013,1629,58097
921013,1629,64213
921013,1629,64538
921013,1629,54643
921013,1629,57725
921013,1629,63880
921013,1629,61033
921013,1629,55517
921013,1629,63960
921013,1629,50142
921013,1629,55972
921013,1629,60525
921013,1629,63972
921013,1629,61877
921013,1629,63797
921013,1629,49941
921013,1629,62553
921013,1629,58247
921013,1629,67870
921013,1629,53882
921013,1629,64566
921013,1629,59796
921013,1629,52165
921013,1629,51298
921013,1629,56572
921013,1629,61438
921013,1629,59129
921013,1629,50457
921013,1629,52190
921013,1629,56541
921013,1629,49719
921013,1629,48251
921013,1629,61209
921013,1629,56492
921013,1629,54056
921013,1629,55222
921013,1629,60329
921013,1629,46062
921013,1629,68073
921013,1629,57481
921013,1629,56898
921013,1629,60319
921013,1629,54503
921013,1629,60255
921013,1629,58025
921013,1629,57485
921013,1629,53693
921013,1629,46513
921013,1629,57569
921013,1629,53616
921013,1629,57414
921013,1629,55373
921013,1629,55482
921013,1629,53731
921013,1629,68975
921013,1629,55803
921013,1629,52460
921013,1629,58301
921013,1629,60763
921013,1629,55305
921013,1629,47114
921013,1629,61376
921013,1629,54046
921013,1629,44570
921013,1629,49354
921013,1629,55011
921013,1629,57707
921013,1629,55087
921013,1629,60309
921013,1629,61408
921013,1629,50946
921013,1629,65165
921013,1629,62724
921013,1629,58508
921013,1629,52876
921013,1629,38372
921013,1629,58320
921013,1629,53575
921013,1629,59288
921013,1629,58561
921013,1629,54844
921013,1629,56787
921013,1629,60599
921013,1629,52808
921013,1629,60540
921013,1629,56693
921013,1629,58101
921013,1629,64426
921013,1629,55508
921013,1629,61596
921013,1629,60517
921013,1629,55892
921013,1629,57809
921013,1629,60494
921013,1629,59716
921013,1629,58200
921013,1629,55726
921013,1629,54968
921013,1629,52086
921013,1629,53803
921013,1629,58799
921013,1629,56499
921013,1629,53864
921013,1629,61011
921013,1629,56553
921013,1629,56132
921013,1629,54063
921013,1629,54396
921013,1629,57851
921013,1629,50337
921013,1629,56132
921013,1629,55326
921013,1629,50388
921013,1629,63765
921013,1629,52078
921013,1629,62181
921013,1629,58451
921013,1629,60041
921013,1629,52192
921013,1629,54167
921013,1629,48462
921013,1629,57978
921013,1629,49316
921013,1629,62337
921013,1629,60885
921013,1629,65297
921013,1629,56473
921013,1629,59370
921013,1629,50348
921013,1629,67337
921013,1629,49499
921013,1629,61996
921013,1629,53741
921013,1629,55801
921013,1629,65523
921013,1629,53884
921013,1629,60221
921013,1629,54111
921013,1629,60176
921013,1629,61867
921013,1629,54466
921013,1629,58379
921013,1629,58497
921013,1629,51379
921013,1629,59072
921013,1629,55356
921013,1629,54995
921013,1629,54029
921013,1629,61449
921013,1629,56812
921013,1629,55530
921013,1629,64189
921013,1629,62599
921013,1629,62351
921013,1629,56367
921013,1629,46270
921013,1629,54938
921013,1629,55642
921013,1629,63230
921013,1629,50580
921013,1629,54019
921013,1629,53505
921013,1629,64880
921013,1629,54334
921013,1629,52907
921013,1629,53690
921013,1629,40164
921013,1629,62131
921013,1629,61072
921013,1629,63279
921013,1629,54086
921013,1629,65254
921013,1629,46415
921013,1629,66744
921013,1629,65916
921013,1629,62782
921013,1629,49543
921013,1629,52650
921013,1629,64668
921013,1629,60128
921013,1629,54836
921013,1629,59131
921013,1629,59537
921013,1629,67399
921013,1629,48223
921013,1629,51422
921013,1629,56587
921013,1629,55420
921013,1629,46791
921013,1629,53566
921013,1629,52850
921013,1629,49154
921013,1629,58128
921013,1629,61420
921013,1629,63489
921013,1629,58198
921013,1629,53195
921013,1629,64198
921013,1629,51968
921013,1629,59348
921013,1629,53780
921013,1629,62918
921013,1629,53481
921013,1629,56716
921013,1629,63232
921013,1629,55642
921013,1629,54130
921013,1629,57255
921013,1629,57864
921013,1629,58825
921013,1629,62880
921013,1629,63519
921013,1629,53489
921013,1629,67459
921013,1629,59152
921013,1629,64210
921013,1629,48714
921013,1629,58890
921013,1629,61286
921013,1629,52847
921013,1629,65421
921013,1629,58024
921013,1629,57992
921013,1629,61203
921013,1629,52768
921013,1629,51487
921013,1629,48221
921013,1629,55222
921013,1629,60764
921013,1629,52506
921013,1629,52320
921013,1629,63071
921013,1629,49724
921013,1629,46226
921013,1629,55165
921013,1629,55366
921013,1629,61206
921013,1629,57451
921013,1629,63809
921013,1629,49085
921013,1629,62594
921013,1629,52335
921013,1629,68476
921013,1629,57527
921013,1629,55048
921013,1629,55259
921013,1629,56292
921013,1629,56671
921013,1629,48689
921013,1629,63599
921013,1629,45887
921013,1629,65463
921013,1629,65471
921013,1629,51181
921013,1629,66188
921013,1629,64923
921013,1629,59257
921013,1629,46057
921013,1629,58944
921013,1629,56949
921013,1629,60859
921013,1629,65835
921013,1629,54190
921013,1629,55518
921013,1629,49111
921013,1629,60262
921013,1629,47779
921013,1629,60045
921013,1629,55858
921013,1629,57722
921013,1629,63464
921013,1629,54487
921013,1629,51904
921013,1629,68377
921013,1629,57224
921013,1629,53634
921013,1629,72754
921013,1629,57178
921013,1629,62590
921013,1629,58702
921013,1629,60317
921013,1629,54599
921013,1629,53815
921013,1629,57857
921013,1629,61525
921013,1629,61305
921013,1629,52236
921013,1629,55997
921013,1629,61183
921013,1629,61542
921013,1629,57874
921013,1629,59889
921013,1629,57374
921013,1629,39141
921013,1629,61255
921013,1629,53851
921013,1629,59014
921013,1629,52842
921013,1629,61262
921013,1629,66271
921013,1629,53601
921013,1629,49907
921013,1629,51645
921013,1629,57574
921013,1629,54346
921013,1629,52736
921013,1629,41871
921013,1629,57521
921013,1629,62407
921013,1629,51827
921013,1629,49668
921013,1629,61004
921013,1629,55210
921013,1629,62074
921013,1629,52621
921013,1629,58458
921013,1629,60245
921013,1629,55890
921013,1629,54812
921013,1629,62587
921013,1629,62078
921013,1629,58900
921013,1629,54194
921013,1629,63586
921013,1629,58577
921013,1629,62714
921013,1629,60820
921013,1629,64538
921013,1629,60193
921013,1629,60408
921013,1629,53267
921013,1629,63702
921013,1629,56258
921013,1629,57193
921013,1629,61139
921013,1629,55895
921013,1629,63839
921013,1629,53056
921013,1629,60388
921013,1629,52534
921013,1629,59173
921013,1629,53862
921013,1629,61946
921013,1629,57275
921013,1629,59526
921013,1629,61449
921013,1629,58029
921013,1629,49960
921013,1629,65307
921013,1629,61492
921013,1629,49589
921013,1629,47048
921013,1629,61945
921013,1629,67643
921013,1629,56104
921013,1629,51261
921013,1629,62278
921013,1629,51931
921013,1629,57179
921013,1629,54521
921013,1629,69011
921013,1629,62246
921013,1629,61600
921013,1629,59221
921013,1629,58460
921013,1629,61098
921013,1629,61508
921013,1629,61592
921013,1629,50598
921013,1629,62774
921013,1629,54700
921013,1629,57977
921013,1629,53112
921013,1629,53829
921013,1629,55656
921013,1629,62345
921013,1629,60558
921013,1629,48981
921013,1629,51138
921013,1629,59558
921013,1629,66885
921013,1629,54928
921013,1629,49602
921013,1629,59617
921013,1629,59749
921013,1629,54009
921013,1629,63173
921013,1629,61566
921013,1629,56090
921013,1629,64225
921013,1629,58451
921013,1629,52145
921013,1629,60450
921013,1629,54335
921013,1629,62715
921013,1629,63654
921013,1629,55280
921013,1629,50156
921013,1629,61020
921013,1629,46599
921013,1629,53424
921013,1629,60849
921013,1629,50128
921013,1629,57077
921013,1629,63351
921013,1629,62628
921013,1629,56410
921013,1629,62422
921013,1629,62550
921013,1629,59468
921013,1629,61909
921013,1629,51345
921013,1629,58017
921013,1629,56726
921013,1629,60086
921013,1629,69353
921013,1629,70638
921013,1629,54244
921013,1629,58960
921013,1629,62163
921013,1629,57518
921013,1629,37553
921013,1629,50087
921013,1629,60706
921013,1629,60900
921013,1629,59303
921013,1629,57022
921013,1629,56820
921013,1629,57747
921013,1629,52073
921013,1629,58271
921013,1629,64360
921013,1629,63861
921013,1629,45119
921013,1629,70472
921013,1629,62885
921013,1629,53419
921013,1629,58923
921013,1629,54768
921013,1629,58967
921013,1629,57769
921013,1629,59203
921013,1629,65706
921013,1629,56488
921013,1629,54553
921013,1629,59009
921013,1629,63619
921013,1629,60738
921013,1629,60885
921013,1629,63537
921013,1629,62804
921013,1629,70854
921013,1629,60780
921013,1629,67382
921013,1629,67009
921013,1629,60726
921013,1629,56262
921013,1629,61586
921013,1629,54776
921013,1629,52183
921013,1629,68360
921013,1629,62432
921013,1629,55580
921013,1629,59383
921013,1629,59376
921013,1629,50072
921013,1629,51311
921013,1629,58752
921013,1629,50833
921013,1629,61410
921013,1629,54138
921013,1629,60191
921013,1629,68247
921013,1629,61307
921013,1629,59606
921013,1629,53803
921013,1629,61220
921013,1629,56690
921013,1629,62292
921013,1629,55617
921013,1629,66082
921013,1629,58252
921013,1629,61193
921013,1629,47903
921013,1629,64928
921013,1629,59569
921013,1629,56023
921013,1629,62950
921013,1629,53403
921013,1629,59485
921013,1629,54514
921013,1629,48281
921013,1629,55660
921013,1629,52929
921013,1629,52433
921013,1629,50209
921013,1629,60366
921013,1629,62663
921013,1629,57788
921013,1629,61323
921013,1629,58121
921013,1629,63671
921013,1629,57455
921013,1629,54839
921013,1629,65435
921013,1629,52079
921013,1629,52136
921013,1629,56864
921013,1629,63284
921013,1629,56559
921013,1629,48047
921013,1629,57484
921013,1629,72033
921013,1629,62922
921013,1629,62471
921013,1629,53359
921013,1629,58734
921013,1629,42643
921013,1629,55159
921013,1629,62511
921013,1629,57896
921013,1629,61962
921013,1629,52593
921013,1629,51552
921013,1629,51943
921013,1629,52338
921013,1629,47596
921013,1629,51656
921013,1629,54160
921013,1629,60584
921013,1629,42490
921013,1629,57696
921013,1629,57661
921013,1629,53176
921013,1629,52981
921013,1629,62360
921013,1629,59070
921013,1629,54743
921013,1629,59816
921013,1629,55497
921013,1629,64267
921013,1629,58831
921013,1629,53903
921013,1629,55590
921013,1629,44418
921013,1629,53389
921013,1629,61466
921013,1629,56664
921013,1629,51625
921013,1629,50655
921013,1629,50082
921013,1629,58983
921013,1629,56655
921013,1629,49199
921013,1629,68491
921013,1629,55223
921013,1629,70973
921013,1629,43043
921013,1629,57403
921013,1629,56945
921013,1629,50514
921013,1629,58237
921013,1629,52414
921013,1629,58460
921013,1629,64227
921013,1629,61515
921013,1629,56086
921013,1629,56742
921013,1629,53879
921013,1629,51058
921013,1629,64098
921013,1629,61784
921013,1629,57412
921013,1629,54005
921013,1629,64731
921013,1629,53681
921013,1629,44161
921013,1629,67717
921013,1629,51578
921013,1629,64043
921013,1629,65202
921013,1629,54424
921013,1629,49048
921013,1629,56916
921013,1629,60711
921013,1629,58229
921013,1629,61106
921013,1629,57271
921013,1629,65578
921013,1629,45608
921013,1629,57357
921013,1629,66278
921013,1629,53381
921013,1629,56556
921013,1629,51803
921013,1629,52121
921013,1629,59225
921013,1629,61500
921013,1629,52672
921013,1629,61428
921013,1629,45894
921013,1629,58758
921013,1629,62433
921013,1629,57686
921013,1629,49772
921013,1629,55987
921013,1629,58405
921013,1629,51442
921013,1629,61337
921013,1629,62577
921013,1629,64049
921013,1629,58141
921013,1629,60360
921013,1629,47705
921013,1629,59677
921013,1629,60084
921013,1629,56064
921013,1629,54072
921013,1629,61693
921013,1629,57332
921013,1629,52656
921013,1629,66499
921013,1629,56159
921013,1629,54125
921013,1629,56532
921013,1629,61004
921013,1629,55763
921013,1629,60961
921013,1629,57079
921013,1629,51881
921013,1629,60487
921013,1629,57870
921013,1629,60847
921013,1629,59966
921013,1629,51494
921013,1629,52307
921013,1629,59806
921013,1629,57769
921013,1629,59852
921013,1629,49323
921013,1629,52932
921013,1629,51413
921013,1629,61176
921013,1629,60723
921013,1629,45419
921013,1629,64215
921013,1629,68310
921013,1629,62020
921013,1629,63945
921013,1629,59035
921013,1629,59700
921013,1629,55758
921013,1629,50957
921013,1629,63713
921013,1629,61040
921013,1629,55290
921013,1629,50950
921013,1629,58406
921013,1629,62515
921013,1629,54662
921013,1629,46970
921013,1629,57676
921013,1629,51932
921013,1629,51066
921013,1629,63049
921013,1629,64338
921013,1629,57546
921013,1629,57909
921013,1629,57249
921013,1629,53109
921013,1629,51905
921013,1629,50597
921013,1629,56574
921013,1629,74245
921013,1629,58798
921013,1629,56158
921013,1629,62426
921013,1629,67218
921013,1629,54827
921013,1629,50493
921013,1629,59764
921013,1629,55826
921013,1629,63482
921013,1629,55676
921013,1629,56081
921013,1629,57885
921013,1629,69087
921013,1629,54229
921013,1629,52803
921013,1629,52935
921013,1629,58132
921013,1629,57127
921013,1629,56872
921013,1629,48738
921013,1629,56537
921013,1629,59935
921013,1629,53552
921013,1629,63554
921013,1629,52171
921013,1629,51150
921013,1629,52265
921013,1629,55731
921013,1629,56604
921013,1629,63728
921013,1629,69012
921013,1629,60439
921013,1629,66625
921013,1629,59687
921013,1629,67242
921013,1629,51797
921013,1629,58578
921013,1629,56095
921013,1629,65815
921013,1629,60529
921013,1629,58730
921013,1629,58128
921013,1629,48623
921013,1629,60152
921013,1629,50560
921013,1629,55604
921013,1629,58321
921013,1629,56257
921013,1629,58824
921013,1629,56642
921013,1629,63272
921013,1629,63378
921013,1629,57209
921013,1629,61166
921013,1629,57205
921013,1629,58663
921013,1629,52880
921013,1629,60145
921013,1629,64312
921013,1629,68148
921013,1629,64262
921013,1629,59950
921013,1629,55996
921013,1629,64154
921013,1629,60247
921013,1629,68639
921013,1629,50463
921013,1629,64636
921013,1629,60741
921013,1629,60053
921013,1629,59720
921013,1629,58718
921013,1629,59793
921013,1629,57388
921013,1629,59062
921013,1629,61356
921013,1629,59172
921013,1629,54371
921013,1629,59425
921013,1629,61401
921013,1629,67367
921013,1629,57805
921013,1629,55283
921013,1629,57368
921013,1629,65509
921013,1629,50608
921013,1629,52694
921013,1629,57477
921013,1629,45461
921013,1629,56423
921013,1629,68370
921013,1629,58816
921013,1629,68475
921013,1629,63620
921013,1629,58263
921013,1629,52486
921013,1629,60314
921013,1629,49174
921013,1629,60111
921013,1629,59714
921013,1629,51556
921013,1629,59131
921013,1629,65604
921013,1629,56123
921013,1629,55080
921013,1629,55815
921013,1629,46134
921013,1629,57542
921013,1629,44158
921013,1629,62157
921013,1629,51966
921013,1629,62343
921013,1629,59584
921013,1629,54169
921013,1629,51817
921013,1629,55965
921013,1629,57174
921013,1629,53023
921013,1629,48179
921013,1629,57851
921013,1629,56716
921013,1629,60203
921013,1629,53901
921013,1629,52233
921013,1629,57816
921013,1629,50949
921013,1629,53441
921013,1629,45504
921013,1629,55930
921013,1629,53893
921013,1629,59419
921013,1629,56550
921013,1629,57368
921013,1629,61255
921013,1629,65148
921013,1629,49199
921013,1629,50471
921013,1629,43699
921013,1629,64541
921013,1629,49829
921013,1629,66064
921013,1629,59294
921013,1629,54204
921013,1629,68310
921013,1629,50328
921013,1629,55376
921013,1629,68754
921013,1629,52854
921013,1629,61618
921013,1629,54477
921013,1629,64580
921013,1629,52303
921013,1629,49929
921013,1629,51273
921013,1629,55178
921013,1629,64037
921013,1629,60777
921013,1629,50814
921013,1629,54592
921013,1629,60756
921013,1629,60154
921013,1629,51876
921013,1629,53927
921013,1629,61611
921013,1629,53841
921013,1629,55229
921013,1629,53809
921013,1629,59494
921013,1629,57366
921013,1629,59868
921013,1629,55109
921013,1629,55726
921013,1629,62933
921013,1629,49545
921013,1629,59626
921013,1629,60332
921013,1629,64656
921013,1629,47859
921013,1629,53049
921013,1629,61209
921013,1629,54249
921013,1629,54316
921013,1629,67532
921013,1629,53183
921013,1629,64668
921013,1629,55807
921013,1629,60680
921013,1629,55961
921013,1629,60368
921013,1629,55571
921013,1629,58710
921013,1629,57015
921013,1629,54106
921013,1629,48657
921013,1629,61316
921013,1629,51284
921013,1629,59067
921013,1629,57291
921013,1629,52025
921013,1629,57151
921013,1629,59674
921013,1629,54347
921013,1629,55143
921013,1629,59189
921013,1629,56712
921013,1629,56712
921013,1629,52635
921013,1629,63951
921013,1629,54986
921013,1629,64854
921013,1629,69154
921013,1629,70649
921013,1629,59400
921013,1629,51283
921013,1629,55631
921013,1629,46528
921013,1629,52795
921013,1629,54964
921013,1629,56114
921013,1629,50823
921013,1629,67934
921013,1629,69020
921013,1629,51750
921013,1629,57787
921013,1629,61795
921013,1629,57859
921013,1629,55337
921013,1629,59377
921013,1629,67555
921013,1629,56581
921013,1629,49860
921013,1629,62731
921013,1629,58437
921013,1629,56492
921013,1629,58097
921013,1629,54748
921013,1629,52647
921013,1629,59083
921013,1629,68271
921013,1629,52705
921013,1629,63019
921013,1629,62998
921013,1629,66636
921013,1629,55661
921013,1629,59944
921013,1629,52144
921013,1629,51535
921013,1629,53261
921013,1629,62040
921013,1629,57796
921013,1629,54390
921013,1629,68072
921013,1629,64166
921013,1629,61433
921013,1629,52147
921013,1629,63608
921013,1629,64944
921013,1629,55159
921013,1629,58571
921013,1629,63489
921013,1629,57622
921013,1629,50671
921013,1629,53005
921013,1629,49454
921013,1629,65439
921013,1629,62527
921013,1629,56868
921013,1629,56894
921013,1629,47886
921013,1629,66375
921013,1629,57688
921013,1629,61508
921013,1629,50547
921013,1629,66396
921013,1629,50609
921013,1629,60581
921013,1629,61662
921013,1629,62634
921013,1629,57321
921013,1629,59249
921013,1629,63728
921013,1629,56904
921013,1629,61678
921013,1629,45669
921013,1629,50421
921013,1629,58763
921013,1629,62512
921013,1629,58735
921013,1629,47049
921013,1629,61312
921013,1629,62628
921013,1629,56184
921013,1629,69146
921013,1629,62092
921013,1629,44515
921013,1629,55953
921013,1629,62681
921013,1629,54661
921013,1629,62391
921013,1629,61131
921013,1629,62958
921013,1629,57099
921013,1629,55194
921013,1629,63652
921013,1629,57836
921013,1629,57102
921013,1629,50815
921013,1629,59083
921013,1629,61536
921013,1629,59390
921013,1629,61185
921013,1629,58333
921013,1629,66268
921013,1629,54540
921013,1629,61654
921013,1629,67274
921013,1629,57935
921013,1629,58462
921013,1629,55705
921013,1629,61618
921013,1629,59192
921013,1629,51696
921013,1629,51666
921013,1629,54740
921013,1629,51748
921013,1629,63248
921013,1629,53299
921013,1629,64494
921013,1629,47038
921013,1629,58955
921013,1629,71232
921013,1629,59337
921013,1629,53045
921013,1629,58836
921013,1629,61372
921013,1629,55577
921013,1629,63305
921013,1629,63893
921013,1629,55727
921013,1629,58855
921013,1629,52138
921013,1629,63943
921013,1629,62052
921013,1629,55788
921013,1629,55736
921013,1629,60280
921013,1629,53861
921013,1629,62773
921013,1629,59897
921013,1629,54395
921013,1629,50911
921013,1629,56087
921013,1629,51730
921013,1629,49659
921013,1629,60287
921013,1629,60952
921013,1629,51647
921013,1629,53627
921013,1629,63634
921013,1629,53563
921013,1629,59330
921013,1629,56327
921013,1629,59218
921013,1629,63470
921013,1629,52047
921013,1629,53203
921013,1629,70103
921013,1629,62515
921013,1629,56707
921013,1629,45724
921013,1629,54719
921013,1629,55679
921013,1629,51561
921013,1629,59547
921013,1629,58522
921013,1629,56474
921013,1629,62071
921013,1629,58521
921013,1629,61221
921013,1629,55738
921013,1629,55819
921013,1629,64965
921013,1629,50317
921013,1629,59514
921013,1629,53388
921013,1629,57354
921013,1629,52298
921013,1629,61736
921013,1629,52452
921013,1629,56897
921013,1629,58450
921013,1629,57267
921013,1629,51752
921013,1629,54388
921013,1629,70084
921013,1629,61962
921013,1629,53842
921013,1629,55932
921013,1629,62345
921013,1629,50909
921013,1629,50771
921013,1629,56072
921013,1629,55894
921013,1629,53451
921013,1629,52808
921013,1629,67966
921013,1629,52544
921013,1629,56076
921013,1629,56006
921013,1629,58197
921013,1629,62252
921013,1629,56241
921013,1629,61782
921013,1629,58410
921013,1629,61325
921013,1629,53307
921013,1629,60136
921013,1629,55777
921013,1629,58096
921013,1629,54712
921013,1629,49065
921013,1629,41700
921013,1629,60625
921013,1629,64714
921013,1629,68058
921013,1629,56007
921013,1629,57791
921013,1629,63779
921013,1629,50090
921013,1629,60701
921013,1629,68636
921013,1629,57751
921013,1629,61495
921013,1629,50080
921013,1629,58591
921013,1629,59328
921013,1629,63955
921013,1629,56681
921013,1629,57703
921013,1629,59427
921013,1629,59564
921013,1629,62752
921013,1629,53407
921013,1629,66066
921013,1629,62562
921013,1629,53003
921013,1629,53705
921013,1629,59762
921013,1629,58988
921013,1629,53456
921013,1629,51752
921013,1629,63017
921013,1629,53077
921013,1629,54250
921013,1629,51306
921013,1629,62344
921013,1629,55520
921013,1629,64382
921013,1629,64670
921013,1629,60875
921013,1629,51914
921013,1629,55096
921013,1629,56684
921013,1629,57840
921013,1629,56042
921013,1629,64725
921013,1629,55270
921013,1629,59408
921013,1629,55873
921013,1629,59573
921013,1629,61814
921013,1629,61212
921013,1629,50273
921013,1629,61274
921013,1629,58669
921013,1629,58377
921013,1629,54058
921013,1629,57713
921013,1629,62851
921013,1629,51623
921013,1629,56636
921013,1629,59272
921013,1629,57112
921013,1629,59586
921013,1629,53524
921013,1629,62289
921013,1629,49651
921013,1629,47766
921013,1629,59129
921013,1629,55358
921013,1629,48571
921013,1629,68163
921013,1629,54804
921013,1629,62262
921013,1629,60806
921013,1629,53557
921013,1629,54033
921013,1629,58186
921013,1629,56502
921013,1629,55689
921013,1629,55766
921013,1629,54365
921013,1629,61146
921013,1629,65758
921013,1629,54785
921013,1629,56472
921013,1629,54114
921013,1629,62152
921013,1629,55347
921013,1629,45534
921013,1629,47987
921013,1629,58042
921013,1629,80246
921013,1629,58533
921013,1629,66954
921013,1629,53756
921013,1629,51912
921013,1629,54362
921013,1629,68214
921013,1629,54200
921013,1629,59834
921013,1629,54701
921013,1629,56673
921013,1629,56630
921013,1629,58247
921013,1629,52330
921013,1629,51250
921013,1629,57546
921013,1629,67012
921013,1629,64589
921013,1629,54912
921013,1629,64434
921013,1629,65931
921013,1629,42843
921013,1629,55390
921013,1629,62456
921013,1629,52377
921013,1629,60057
921013,1629,56763
921013,1629,60481
921013,1629,59362
921013,1629,61487
921013,1629,55266
921013,1629,53191
921013,1629,54786
921013,1629,50574
921013,1629,56119
921013,1629,54812
921013,1629,53289
921013,1629,58559
921013,1629,54569
921013,1629,62413
921013,1629,59061
921013,1629,54291
921013,1629,63805
921013,1629,62583
921013,1629,48265
921013,1629,59539
921013,1629,59001
921013,1629,47767
921013,1629,52568
921013,1629,65898
921013,1629,55613
921013,1629,57147
921013,1629,61375
921013,1629,60938
921013,1629,55609
921013,1629,62826
921013,1629,52755
921013,1629,67201
921013,1629,52905
921013,1629,58826
921013,1629,59822
921013,1629,43326
921013,1629,60892
921013,1629,62264
921013,1629,54798
921013,1629,58236
921013,1629,63812
921013,1629,57857
921013,1629,66322
921013,1629,53245
921013,1629,57167
921013,1629,60697
921013,1629,59324
921013,1629,55581
921013,1629,59206
921013,1629,58826
921013,1629,56278
921013,1629,52316
921013,1629,42817
921013,1629,66002
921013,1629,54020
921013,1629,64825
921013,1629,60660
921013,1629,51997
921013,1629,59119
921013,1629,52587
921013,1629,60313
921013,1629,48868
921013,1629,70791
921013,1629,54982
921013,1629,49974
921013,1629,51430
921013,1629,55778
921013,1629,56258
921013,1629,54545
921013,1629,53067
921013,1629,50289
921013,1629,57356
921013,1629,55685
921013,1629,53014
921013,1629,64380
921013,1629,59911
921013,1629,56674
921013,1629,58328
921013,1629,60883
921013,1629,59415
921013,1629,58131
921013,1629,62156
921013,1629,67936
921013,1629,61649
921013,1629,62290
921013,1629,58968
921013,1629,61696
921013,1629,52627
921013,1629,61898
921013,1629,55670
921013,1629,61741
921013,1629,61458
921013,1629,55907
921013,1629,52675
921013,1629,50919
921013,1629,61846
921013,1629,54477
921013,1629,50938
921013,1629,56966
921013,1629,55070
921013,1629,54456
921013,1629,62646
921013,1629,51714
921013,1629,60074
921013,1629,60125
921013,1629,62671
921013,1629,53489
921013,1629,55767
921013,1629,55950
921013,1629,59168
921013,1629,58961
921013,1629,55817
921013,1629,58821
921013,1629,67179
921013,1629,68822
921013,1629,55592
921013,1629,60815
921013,1629,65893
921013,1629,57479
921013,1629,56485
921013,1629,56773
921013,1629,64769
921013,1629,60211
921013,1629,61831
921013,1629,62883
921013,1629,53573
921013,1629,65583
921013,1629,55372
921013,1629,57300
921013,1629,44478
921013,1629,67497
921013,1629,47267
921013,1629,59313
921013,1629,57727
921013,1629,71517
921013,1629,59594
921013,1629,56586
921013,1629,53233
921013,1629,48047
921013,1629,59562
921013,1629,51016
921013,1629,54512
921013,1629,60091
921013,1629,49343
921013,1629,60141
921013,1629,57714
921013,1629,55807
921013,1629,54827
921013,1629,52589
921013,1629,50101
921013,1629,60706
921013,1629,65352
921013,1629,62451
921013,1629,55869
921013,1629,63293
921013,1629,54006
921013,1629,58321
921013,1629,52344
921013,1629,58814
921013,1629,65161
921013,1629,67787
921013,1629,61880
921013,1629,54135
921013,1629,54856
921013,1629,52586
921013,1629,54336
921013,1629,59807
921013,1629,63844
921013,1629,51123
921013,1629,62309
921013,1629,55005
921013,1629,58761
921013,1629,53979
921013,1629,58184
921013,1629,50182
921013,1629,58698
921013,1629,52212
921013,1629,53426
921013,1629,54381
921013,1629,60679
921013,1629,60801
921013,1629,55798
921013,1629,54512
921013,1629,56019
921013,1629,52080
921013,1629,59212
921013,1629,56742
921013,1629,61347
921013,1629,55201
921013,1629,55765
921013,1629,54203
921013,1629,54242
921013,1629,49663
921013,1629,59274
921013,1629,56213
921013,1629,50157
921013,1629,47375
921013,1629,57836
921013,1629,52443
921013,1629,56818
921013,1629,58147
921013,1629,57987
921013,1629,61493
921013,1629,58985
921013,1629,56112
921013,1629,50562
921013,1629,58329
921013,1629,59375
921013,1629,55734
921013,1629,62661
921013,1629,57929
921013,1629,50501
921013,1629,48955
921013,1629,56407
921013,1629,61229
921013,1629,55133
921013,1629,58758
921013,1629,43423
921013,1629,62085
921013,1629,52219
921013,1629,56773
921013,1629,59529
921013,1629,51857
921013,1629,63856
921013,1629,52006
921013,1629,61680
921013,1629,49261
921013,1629,44547
921013,1629,61380
921013,1629,49161
921013,1629,61958
921013,1629,54510
921013,1629,53352
921013,1629,57575
921013,1629,58643
921013,1629,59076
921013,1629,62871
921013,1629,60947
921013,1629,61424
921013,1629,58517
921013,1629,54989
921013,1629,53839
921013,1629,61072
921013,1629,59195
921013,1629,50983
921013,1629,55594
921013,1629,60780
921013,1629,56256
921013,1629,57774
921013,1629,61041
921013,1629,62341
921013,1629,54590
921013,1629,56041
921013,1629,47039
921013,1629,70720
921013,1629,57191
921013,1629,48023
921013,1629,51066
921013,1629,59838
921013,1629,50555
921013,1629,62023
921013,1629,60832
921013,1629,46410
921013,1629,55833
921013,1629,52391
921013,1629,60542
921013,1629,58315
921013,1629,55628
921013,1629,67290
921013,1629,61037
921013,1629,60075
921013,1629,59371
921013,1629,65186
921013,1629,64813
921013,1629,49998
921013,1629,64532
921013,1629,66264
921013,1629,58227
921013,1629,58225
921013,1629,56101
921013,1629,60328
921013,1629,69862
921013,1629,57567
921013,1629,55084
921013,1629,66392
921013,1629,53279
921013,1629,58176
921013,1629,56443
921013,1629,56667
921013,1629,51296
921013,1629,53190
921013,1629,56163
921013,1629,59487
921013,1629,54402
921013,1629,54930
921013,1629,63712
921013,1629,57415
921013,1629,48981
921013,1629,56222
921013,1629,64931
921013,1629,55047
921013,1629,60526
921013,1629,60617
921013,1629,63467
921013,1629,56176
921013,1629,56022
921013,1629,53292
921013,1629,49332
921013,1629,61894
921013,1629,54241
921013,1629,47821
921013,1629,63472
921013,1629,60185
921013,1629,47320
921013,1629,50400
921013,1629,56030
921013,1629,49414
921013,1629,69506
921013,1629,59804
921013,1629,58095
921013,1629,55255
921013,1629,55343
921013,1629,65010
921013,1629,65709
921013,1629,64741
921013,1629,57083
921013,1629,57490
921013,1629,61362
921013,1629,74175
921013,1629,58524
921013,1629,61385
921013,1629,52932
921013,1629,49533
921013,1629,65917
921013,1629,55856
921013,1629,48055
921013,1629,60571
921013,1629,64364
921013,1629,53851
921013,1629,53399
921013,1629,59300
921013,1629,61004
